50235  402.570
50236  402.570
50237  402.570
50238  402.570
50239  402.570
50240  402.570
50241  285.750
50242  285.590
50243  285.750
50244  285.750
50245  285.750
50248  285.750
50249  285.750
50250  285.750
50251  285.750
50252  285.750
50253  285.750
50254  285.750
50255  285.750
50256  285.750
50257  285.750
50258  285.750
50260  285.750
50261  285.750
50262  285.750
50264  284.180
50266  285.750
50267  284.180
50269  282.600
50270  281.030
50272  287.320
50273  288.890
50274  290.460
50275  292.030
50276  293.600
50277  295.170
50278  288.890
50279  288.890
50280  288.890
50281  288.890
50282  288.890
50283  290.460
50284  290.460
50285  290.460
50290  290.460
50291  290.460
50293  288.890
50294  288.890
50295  288.890
50296  288.890
50297  288.890
50298  287.320
50305  288.890
50306  287.320
50307  287.320
50308  287.320
50309  295.170
50311  295.170
50312  295.170
50313  295.170
50316  295.170
50317  295.170
50318  295.170
50319  295.170
50320  293.680
50321  293.600
50322  293.600
50323  293.600
50324  292.030
50325  292.030
50326  292.030
50327  292.030
50328  284.490
50329  284.490
50330  284.490
50331  284.490
50332  282.920
50333  282.920
50334  282.920
50335  282.920
50336  282.920
50337  281.030
50338  281.030
50343  281.030
50344  281.030
50349  281.030
50350  279.460
50351  279.460
50357  279.460
50359  279.460
50360  277.890
50361  277.890
50362  276.320
50363  276.320
50364  276.320
50365  275.220
50366  275.220
50367  273.650
50368  273.650
50369  273.650
50370  273.650
50371  272.080
50372  272.080
50373  272.080
50374  272.080
50375  272.080
50376  270.510
50378  270.510
50379  270.510
50380  270.510
50381  268.940
50382  268.940
50383  267.370
50384  267.370
50385  267.370
50386  267.680
50387  267.680
50388  267.530
50389  265.960
50390  265.960
50391  265.960
50392  264.380
50393  264.380
50394  264.380
50395  264.380
50396  262.810
50397  262.810
50398  262.810
50399  261.240
50400  261.240
50401  261.240
50402  261.240
50403  261.240
50404  261.240
50405  261.240
50406  261.240
50407  261.240
50408  261.240
50409  261.240
50410  261.240
50411  261.240
50412  261.240
50413  261.240
50414  261.240
50415  211.510
50416  211.510
50417  211.510
50418  209.940
50419  209.940
50420  209.940
50421  209.940
50422  208.370
50423  208.370
50424  208.370
50425  208.370
50426  208.370
50427  208.370
50428  208.370
50429  208.370
50430  208.370
50431  206.800
50432  206.800
50433  206.800
50434  206.800
50435  205.230
50436  292.660
50437  292.660
50438  292.660
50439  291.090
50440  291.090
50441  291.090
50442  289.520
50443  289.520
50444  289.520
50445  289.520
50446  287.950
50447  287.950
50448  286.370
50449  286.370
50452  286.370
50453  286.370
50454  286.370
50455  284.800
50456  284.800
50457  284.800
50458  283.230
50459  283.230
50461  283.230
50462  283.230
50463  281.660
50464  281.660
50465  280.090
50466  280.090
50467  280.090
50468  278.520
50469  278.520
50470  278.520
50471  276.950
50472  276.950
50473  275.380
50474  275.380
50475  275.380
50476  273.810
50477  273.810
50478  273.810
50479  272.240
50480  272.240
50481  272.240
50482  272.240
50483  272.240
50484  272.240
50485  272.240
50486  270.670
50487  270.670
50488  270.670
50489  269.100
50490  269.100
50491  269.100
50492  267.530
50493  267.530
50494  267.530
50495  267.530
50496  265.960
50497  265.960
50498  265.960
50499  293.600
50500  293.600
50501  293.600
50502  295.170
50503  295.170
50504  295.990
50505  295.990
50506  295.990
50507  295.990
50508  295.990
50509  296.650
50510  297.020
50511  297.020
50512  297.750
50513  297.750
50514  298.540
50515  298.540
