0.000365975
0.000431413
0.000510253
0.000598787
0.000699074
0.000812922
0.000938524
0.00107432
0.00121844
0.00137878
0.00158027
0.00179945
0.00202559
0.00225533
0.00248672
0.00272079
0.00295408
0.00318388
0.00340609
0.00361098
0.00377063
0.0039063
0.00402551
0.00413231
0.00422754
0.00431147
0.00438467
0.0044489
0.00450379
0.00454304
0.00454796
0.00453225
0.00450708
0.00447604
0.0044397
0.00439867
0.00435502
0.00431108
0.00426684
0.00423062
0.00421385
0.00420253
0.00419196
0.00418231
0.00417019
0.0041542
0.00413606
0.0041164
0.00409608
0.00407252
0.00404978
0.00402672
0.00400315
0.00398062
0.0039588
0.00393619
0.00391261
0.00388703
0.00386354
0.00383979
0.00381892
0.00379846
0.00378056
0.00376172
0.00374317
0.0037256
0.00370763
0.00368908
0.00366889
0.00364952
0.00362994
0.00361131
0.00359243
0.00357342
0.00355562
0.00353808
0.00352182
0.00350573
0.00348962
0.00347384
0.00345651
0.00344014
0.00342266
0.0034043
0.00338573
0.00336682
0.00334725
0.00332795
0.00330994
0.00329293
0.00327547
0.00325866
0.00324299
0.00322735
0.0032107
0.00319458
0.00317687
0.00315912
0.00314079
0.00312134
0.00310354
0.00308751
0.00307245
0.00305855
0.00304533
0.00303344
0.00302227
0.00301185
0.00300124
0.0029903
0.00297935
0.00296874
0.00295689
0.00294337
0.00292991
0.00291719
0.00290606
0.00289442
0.00288332
0.00287417
0.00286415
0.00285192
0.00283848
0.00282436
0.00281059
0.00279592
0.00278194
0.00276812
0.00275446
0.00274107
0.00272826
0.00271524
0.00270291
0.00269199
0.00268148
0.00266957
0.00265666
0.00264511
0.00263422
0.00262339
0.00261104
0.00259998
0.00258965
0.00257774
0.00256544
0.00255149
0.00253717
0.00252343
0.00251012
0.00249617
0.00248181
0.00246648
0.00245177
0.00243797
0.00242398
0.00241045
0.00239845
0.00238417
0.00237022
0.00235459
0.00234046
0.0023276
0.00231434
0.00230263
0.00229023
0.00227974
0.0022693
0.00225866
0.00224649
0.00223405
0.00222302
0.00221267
0.00220306
0.00219291
0.00218342
0.00217539
0.00216797
0.0021623
0.00215405
0.00214693
0.00213935
0.0021297
0.00211996
0.0021111
0.00210211
0.00209412
0.00208628
0.00207651
0.00206669
0.00205786
0.00204891
0.00203964
0.00203064
0.00202374
0.0020167
0.00200915
0.00200001
0.00199071
0.00198424
0.00197737
0.00197068
0.00196454
0.00195775
0.00195156
0.00194506
0.00193867
0.0019311
0.00192447
0.00191805
0.00191122
0.00190367
0.00189784
0.00189023
0.00188017
0.00186985
0.00185884
0.00184861
0.001838
0.00182605
0.00181428
0.00180313
0.00179114
0.00178121
0.00177068
0.0017623
0.00175203
0.00174325
0.00173517
0.00172827
0.00172151
0.00171568
0.00170791
0.00170174
0.00169632
0.00169033
0.00168548
0.00168106
0.00167717
0.00167259
0.00166793
0.00166297
0.00165866
0.00165316
0.00164685
0.00164118
0.00163562
0.00163002
0.00162407
0.0016173
0.00160923
0.00160184
0.00159578
0.00159019
0.00158405
0.0015781
0.00157137
0.00156371
0.00155619
0.00154917
0.00154127
0.00153317
0.00152465
0.00151674
0.00151045
0.00150374
0.00149838
0.00149198
0.00148548
0.00148005
0.00147405
0.00146676
0.00145783
0.00144804
0.00143746
0.00142796
0.00142089
0.00141399
0.0014068
0.00140022
0.0013946
0.00138956
0.00138508
0.0013805
0.00137491
0.00136854
0.00136174
0.00135557
0.00134908
0.00134315
0.00133821
0.00133342
0.00133113
0.00132678
0.00132344
0.00132036
0.00131507
0.00130998
0.00130496
0.00129978
0.00129454
0.00128902
0.00128447
0.00127927
0.00127237
0.00126508
0.00125716
0.0012498
0.00124345
0.00123662
0.00123038
0.00122385
0.00121697
0.00121276
0.00120651
0.00119942
0.00119203
0.00118602
0.0011807
0.00117502
0.00116984
0.00116469
0.00115777
0.00115177
0.00114701
0.0011443
0.00114236
0.00114036
0.00113704
0.00113316
0.00112825
0.00112356
0.00111768
0.00111201
0.00110856
0.00110533
0.00110135
0.0010968
0.00109258
0.00108951
0.00108634
0.0010819
0.0010772
0.00107288
0.00106878
0.00106403
0.00105908
0.00105356
0.00104747
0.00104174
0.00103747
0.0010337
0.00102994
0.00102543
0.00102109
0.00101505
0.00101073
0.00100636
0.00100152
0.000996224
0.000990073
0.000984277
0.000980156
0.000974846
0.00097037
0.000965775
0.000962915
0.000961347
0.000960484
0.000959439
0.000957335
0.000954518
0.000950445
0.000946356
0.000943107
0.000940697
0.000937947
0.000933957
0.000930266
0.000927134
0.000924472
0.000922657
0.000920986
0.000919673
0.000917249
0.000914346
0.000909468
0.000903429
0.000898653
0.000894825
0.000889529
0.000884826
0.000881632
0.00087808
0.000873882
0.000871312
0.00086774
0.000864959
0.000861283
0.000857548
0.000853844
0.000851228
0.000847578
0.000843846
0.00084024
0.000837368
0.000834102
0.000832215
0.000828539
0.000824412
0.000822684
0.000820526
0.000817277
0.000814809
0.000811619
0.000806482
0.00080196
0.000797946
0.000794441
0.000790124
0.000786363
0.000781565
0.000777325
0.00077343
0.000769833
0.000766189
0.000762365
0.000757234
0.000753897
0.000750256
0.000746
0.000742412
0.000739974
0.000736604
0.000733972
0.000733411
0.000732095
0.000730785
0.000729562
0.000727311
0.000724091
0.000721372
0.00071754
0.000714412
0.000712287
0.000708916
0.000706763
0.000704425
0.000701538
0.000698272
0.000695778
0.00069249
0.000688775
0.000685611
0.000681196
0.000675981
0.000671563
0.000667869
0.000663672
0.000661185
0.000659223
0.000657296
0.000656129
0.000653953
0.000652281
0.00065052
0.000648451
0.000647274
0.000645903
0.000643382
0.000640752
0.000638679
0.000636559
0.000636135
0.000635262
0.000634059
0.000632123
0.000629312
0.000627475
0.000625578
0.000623824
0.000621466
0.000620902
0.000619167
0.000615896
0.000613104
0.000610382
0.000606791
0.000604966
0.000604173
0.000602633
0.000601064
0.000600393
0.000596959
0.000594318
0.000591921
0.000589257
0.000587125
0.000584833
0.000583252
0.000580842
0.000578038
0.000573704
0.000571165
0.000568422
0.000565543
0.000563112
0.000561683
0.000559613
0.00055752
0.000555255
0.000551612
0.000549279
0.00054675
0.000545237
0.000543008
0.000542288
0.000540498
0.000537851
0.000534106
0.000531468
0.000529418
0.000526886
0.000523357
0.000521755
0.000520807
0.000517582
0.000514469
0.000511625
0.000508917
0.000506758
0.000506675
0.000503449
0.000503014
0.000500635
0.00049816
0.000495412
0.000493017
0.00049106
0.00048986
0.000489534
0.000488001
0.000485741
0.000485291
0.00048288
0.000479982
0.00047857
0.000477373
0.000474962
0.000472588
0.000470467
0.000458193
0.000456304
0.000454423
0.000452549
0.000450683
0.000448825
0.000446974
0.000445131
0.000443296
0.000441468
0.000439648
0.000437835
0.00043603
0.000434232
0.000432442
0.000430659
0.000428883
0.000427115
0.000425354
0.0004236
0.000421853
0.000420114
0.000418382
0.000416657
0.000414939
0.000413228
0.000411524
0.000409827
0.000408137
0.000406455
0.000404779
0.00040311
0.000401448
0.000399792
0.000398144
0.000396502
0.000394867
0.000393239
0.000391618
0.000390003
0.000388395
0.000386794
0.000385199
0.000383611
0.000382029
0.000380454
0.000378885
0.000377323
0.000375767
0.000374218
0.000372675
0.000371138
0.000369608
0.000368084
0.000366566
0.000365055
0.00036355
0.000362051
0.000360558
0.000359071
0.000357591
0.000356117
0.000354648
0.000353186
0.00035173
0.000350279
0.000348835
0.000347397
0.000345964
0.000344538
0.000343117
0.000341703
0.000340294
0.000338891
0.000337493
0.000336102
0.000334716
0.000333336
0.000331962
0.000330593
0.00032923
0.000327872
0.00032652
0.000325174
0.000323833
0.000322498
0.000321168
0.000319844
0.000318525
0.000317212
0.000315904
0.000314602
0.000313305
0.000312013
0.000310726
0.000309445
0.000308169
0.000306899
0.000305633
0.000304373
0.000303118
0.000301868
0.000300624
0.000299384
0.00029815
0.00029692
0.000295696
0.000294477
0.000293263
0.000292053
0.000290849
0.00028965
0.000288456
0.000287266
0.000286082
0.000284902
0.000283728
0.000282558
0.000281393
0.000280233
0.000279077
0.000277926
0.000276781
0.000275639
0.000274503
0.000273371
0.000272244
0.000271121
0.000270003
0.00026889
0.000267782
0.000266677
0.000265578
0.000264483
0.000263392
0.000262306
0.000261225
0.000260148
0.000259075
0.000258007
0.000256943
0.000255884
0.000254829
0.000253778
0.000252732
0.000251689
0.000250652
0.000249618
0.000248589
0.000247564
0.000246543
0.000245527
0.000244514
0.000243506
0.000242502
0.000241502
0.000240507
0.000239515
0.000238527
0.000237544
0.000236564
0.000235589
0.000234618
0.00023365
0.000232687
0.000231728
0.000230772
0.000229821
0.000228873
0.000227929
0.000226989
0.000226054
0.000225122
0.000224193
0.000223269
0.000222348
0.000221432
0.000220519
0.000219609
0.000218704
0.000217802
0.000216904
0.00021601
0.000215119
0.000214232
0.000213349
0.000212469
0.000211593
0.000210721
0.000209852
0.000208987
0.000208125
0.000207267
0.000206412
0.000205561
0.000204714
0.000203869
0.000203029
0.000202192
0.000201358
0.000200528
0.000199701
0.000198878
0.000198058
0.000197241
0.000196428
0.000195618
0.000194811
0.000194008
0.000193208
0.000192411
0.000191618
0.000190828
0.000190041
0.000189258
0.000188477
0.0001877
0.000186926
0.000186156
0.000185388
0.000184624
0.000183862
0.000183104
0.000182349
0.000181597
0.000180849
0.000180103
0.00017936
0.000178621
0.000177884
0.000177151
0.000176421
0.000175693
0.000174969
0.000174247
0.000173529
0.000172813
0.000172101
0.000171391
0.000170685
0.000169981
0.00016928
0.000168582
0.000167887
0.000167195
0.000166505
0.000165819
0.000165135
0.000164454
0.000163776
0.000163101
0.000162428
0.000161759
0.000161092
0.000160427
0.000159766
0.000159107
0.000158451
0.000157798
0.000157147
0.000156499
0.000155854
0.000155211
0.000154571
0.000153934
0.000153299
0.000152667
0.000152038
0.000151411
0.000150787
0.000150165
0.000149546
0.000148929
0.000148315
0.000147704
0.000147095
0.000146488
0.000145884
0.000145283
0.000144684
0.000144087
0.000143493
0.000142901
0.000142312
0.000141725
0.000141141
0.000140559
0.00013998
0.000139402
0.000138828
0.000138255
0.000137685
0.000137117
0.000136552
0.000135989
0.000135428
0.00013487
0.000134314
0.00013376
0.000133209
0.000132659
0.000132112
0.000131568
0.000131025
0.000130485
0.000129947
0.000129411
0.000128877
0.000128346
0.000127817
0.00012729
0.000126765
0.000126242
0.000125722
0.000125203
0.000124687
0.000124173
0.000123661
0.000123151
0.000122644
0.000122138
0.000121634
0.000121133
0.000120633
0.000120136
0.000119641
0.000119147
0.000118656
0.000118167
0.00011768
0.000117194
0.000116711
0.00011623
0.000115751
0.000115273
0.000114798
0.000114325
0.000113853
0.000113384
0.000112916
0.000112451
0.000111987
0.000111525
0.000111066
0.000110608
0.000110152
0.000109697
0.000109245
0.000108795
0.000108346
0.000107899
0.000107455
0.000107011
0.00010657
0.000106131
0.000105693
0.000105257
0.000104823
0.000104391
0.000103961
0.000103532
0.000103105
0.00010268
0.000102257
0.000101835
0.000101415
0.000100997
0.000100581
0.000100166
9.9753e-05
9.93417e-05
9.89321e-05
9.85242e-05
9.8118e-05
9.77134e-05
9.73105e-05
9.69093e-05
9.65097e-05
9.61118e-05
9.57155e-05
9.53209e-05
9.49279e-05
9.45365e-05
9.41467e-05
9.37585e-05
9.33719e-05
9.29869e-05
9.26035e-05
9.22217e-05
9.18414e-05
9.14628e-05
9.10856e-05
9.07101e-05
9.03361e-05
8.99636e-05
8.95927e-05
8.92233e-05
8.88554e-05
8.8489e-05
8.81242e-05
8.77608e-05
8.7399e-05
8.70386e-05
8.66797e-05
8.63223e-05
8.59664e-05
8.5612e-05
8.5259e-05
8.49074e-05
8.45573e-05
8.42087e-05
8.38615e-05
8.35157e-05
8.31714e-05
8.28284e-05
8.24869e-05
8.21468e-05
8.18081e-05
8.14708e-05
8.11349e-05
8.08003e-05
8.04672e-05
8.01354e-05
7.9805e-05
7.9476e-05
7.91483e-05
7.88219e-05
7.84969e-05
7.81733e-05
7.78509e-05
7.753e-05
7.72103e-05
7.68919e-05
7.65749e-05
7.62592e-05
7.59447e-05
7.56316e-05
7.53198e-05
7.50092e-05
7.46999e-05
7.43919e-05
7.40852e-05
7.37797e-05
7.34755e-05
7.31726e-05
7.28709e-05
7.25704e-05
7.22712e-05
7.19732e-05
7.16765e-05
7.13809e-05
7.10866e-05
7.07935e-05
7.05016e-05
7.02109e-05
6.99214e-05
6.96331e-05
6.9346e-05
6.90601e-05
6.87753e-05
6.84918e-05
6.82094e-05
6.79281e-05
6.76481e-05
6.73691e-05
6.70914e-05
6.68147e-05
6.65392e-05
6.62649e-05
6.59917e-05
6.57196e-05
6.54486e-05
6.51787e-05
6.491e-05
6.46424e-05
6.43758e-05
6.41104e-05
6.38461e-05
6.35828e-05
6.33207e-05
6.30596e-05
6.27996e-05
6.25406e-05
6.22828e-05
6.2026e-05
6.17702e-05
6.15155e-05
6.12619e-05
6.10093e-05
6.07578e-05
6.05072e-05
6.02578e-05
6.00093e-05
5.97619e-05
5.95155e-05
5.92701e-05
5.90257e-05
5.87823e-05
5.854e-05
5.82986e-05
5.80582e-05
5.78188e-05
5.75804e-05
5.7343e-05
5.71066e-05
5.68711e-05
5.66366e-05
5.64031e-05
5.61705e-05
5.59389e-05
5.57083e-05
5.54786e-05
5.52499e-05
5.50221e-05
5.47952e-05
5.45693e-05
5.43443e-05
5.41202e-05
5.3897e-05
5.36748e-05
5.34535e-05
5.32331e-05
5.30136e-05
5.2795e-05
5.25774e-05
5.23606e-05
5.21447e-05
5.19297e-05
5.17156e-05
5.15023e-05
5.129e-05
5.10785e-05
5.08679e-05
5.06582e-05
5.04493e-05
5.02413e-05
5.00341e-05
4.98278e-05
4.96224e-05
4.94178e-05
4.9214e-05
4.90111e-05
4.8809e-05
4.86078e-05
4.84074e-05
4.82078e-05
4.8009e-05
4.7811e-05
4.76139e-05
4.74176e-05
4.72221e-05
4.70274e-05
4.68335e-05
4.66404e-05
4.64481e-05
4.62566e-05
4.60658e-05
4.58759e-05
4.56867e-05
4.54984e-05
4.53108e-05
4.51239e-05
4.49379e-05
4.47526e-05
4.45681e-05
4.43843e-05
4.42013e-05
4.40191e-05
4.38376e-05
4.36568e-05
4.34768e-05
4.32976e-05
4.3119e-05
4.29412e-05
4.27642e-05
4.25879e-05
4.24123e-05
4.22374e-05
4.20632e-05
4.18898e-05
4.17171e-05
4.15451e-05
4.13738e-05
4.12032e-05
4.10333e-05
4.08641e-05
4.06956e-05
4.05278e-05
4.03607e-05
4.01943e-05
4.00286e-05
3.98635e-05
3.96992e-05
3.95355e-05
3.93725e-05
3.92101e-05
3.90485e-05
3.88875e-05
3.87271e-05
3.85675e-05
3.84084e-05
3.82501e-05
3.80924e-05
3.79353e-05
3.77789e-05
3.76231e-05
3.7468e-05
3.73135e-05
3.71597e-05
3.70064e-05
3.68539e-05
3.67019e-05
3.65506e-05
3.63999e-05
3.62498e-05
3.61003e-05
3.59515e-05
3.58032e-05
3.56556e-05
3.55086e-05
3.53622e-05
3.52164e-05
3.50712e-05
3.49266e-05
3.47826e-05
3.46392e-05
3.44963e-05
3.43541e-05
3.42125e-05
3.40714e-05
3.39309e-05
3.3791e-05
3.36517e-05
3.35129e-05
3.33747e-05
3.32371e-05
3.31001e-05
3.29636e-05
3.28277e-05
3.26924e-05
3.25576e-05
3.24233e-05
3.22896e-05
3.21565e-05
3.20239e-05
3.18919e-05
3.17604e-05
3.16294e-05
3.1499e-05
3.13691e-05
3.12398e-05
3.1111e-05
3.09827e-05
3.0855e-05
3.07277e-05
3.0601e-05
3.04749e-05
3.03492e-05
3.02241e-05
3.00995e-05
2.99754e-05
2.98518e-05
2.97287e-05
2.96061e-05
2.9484e-05
2.93625e-05
2.92414e-05
2.91208e-05
2.90008e-05
2.88812e-05
2.87621e-05
2.86435e-05
2.85254e-05
2.84078e-05
2.82907e-05
2.8174e-05
2.80579e-05
2.79422e-05
2.7827e-05
2.77122e-05
2.7598e-05
2.74842e-05
2.73708e-05
2.7258e-05
2.71456e-05
2.70337e-05
2.69222e-05
2.68112e-05
2.67007e-05
2.65906e-05
2.64809e-05
2.63717e-05
2.6263e-05
2.61547e-05
2.60469e-05
2.59395e-05
2.58325e-05
2.5726e-05
2.562e-05
2.55143e-05
2.54091e-05
2.53044e-05
2.52e-05
2.50961e-05
2.49926e-05
2.48896e-05
2.4787e-05
2.46848e-05
2.4583e-05
2.44816e-05
2.43807e-05
2.42802e-05
2.418e-05
2.40803e-05
2.39811e-05
2.38822e-05
2.37837e-05
2.36856e-05
2.3588e-05
2.34907e-05
2.33939e-05
2.32974e-05
2.32014e-05
2.31057e-05
2.30104e-05
2.29156e-05
2.28211e-05
2.2727e-05
2.26333e-05
2.25399e-05
2.2447e-05
2.23545e-05
2.22623e-05
2.21705e-05
2.20791e-05
2.1988e-05
2.18974e-05
2.18071e-05
2.17172e-05
2.16276e-05
2.15385e-05
2.14497e-05
2.13612e-05
2.12731e-05
2.11854e-05
2.10981e-05
2.10111e-05
2.09245e-05
2.08382e-05
2.07523e-05
2.06667e-05
2.05815e-05
2.04966e-05
2.04121e-05
2.0328e-05
2.02441e-05
2.01607e-05
2.00775e-05
1.99948e-05
1.99123e-05
1.98302e-05
1.97484e-05
1.9667e-05
1.95859e-05
1.95052e-05
1.94248e-05
1.93447e-05
1.92649e-05
1.91855e-05
1.91064e-05
1.90276e-05
1.89491e-05
1.8871e-05
1.87932e-05
1.87157e-05
1.86385e-05
1.85617e-05
1.84852e-05
1.84089e-05
1.8333e-05
1.82574e-05
1.81822e-05
1.81072e-05
1.80325e-05
1.79582e-05
1.78841e-05
1.78104e-05
1.7737e-05
1.76638e-05
1.7591e-05
1.75185e-05
1.74462e-05
1.73743e-05
1.73027e-05
1.72313e-05
1.71603e-05
1.70895e-05
1.70191e-05
1.69489e-05
1.6879e-05
1.68094e-05
1.67401e-05
1.66711e-05
1.66023e-05
1.65339e-05
1.64657e-05
1.63978e-05
1.63302e-05
1.62629e-05
1.61958e-05
1.61291e-05
1.60625e-05
1.59963e-05
1.59304e-05
1.58647e-05
1.57993e-05
1.57341e-05
1.56693e-05
1.56046e-05
1.55403e-05
1.54762e-05
1.54124e-05
1.53489e-05
1.52856e-05
1.52226e-05
1.51598e-05
1.50973e-05
1.5035e-05
1.4973e-05
1.49113e-05
1.48498e-05
1.47886e-05
1.47276e-05
1.46669e-05
1.46064e-05
1.45462e-05
1.44862e-05
1.44265e-05
1.4367e-05
1.43078e-05
1.42488e-05
1.419e-05
1.41315e-05
1.40733e-05
1.40152e-05
1.39574e-05
1.38999e-05
1.38426e-05
1.37855e-05
1.37287e-05
1.36721e-05
1.36157e-05
1.35596e-05
1.35036e-05
1.3448e-05
1.33925e-05
1.33373e-05
1.32823e-05
1.32275e-05
1.3173e-05
1.31187e-05
1.30646e-05
1.30107e-05
1.29571e-05
1.29037e-05
1.28505e-05
1.27975e-05
1.27447e-05
1.26922e-05
1.26398e-05
1.25877e-05
1.25358e-05
1.24841e-05
1.24326e-05
1.23814e-05
1.23303e-05
1.22795e-05
1.22289e-05
1.21784e-05
1.21282e-05
1.20782e-05
1.20284e-05
1.19788e-05
1.19294e-05
1.18802e-05
1.18313e-05
1.17825e-05
1.17339e-05
1.16855e-05
1.16373e-05
1.15894e-05
1.15416e-05
1.1494e-05
1.14466e-05
1.13994e-05
1.13524e-05
1.13056e-05
1.1259e-05
1.12125e-05
1.11663e-05
1.11203e-05
1.10744e-05
1.10288e-05
1.09833e-05
1.0938e-05
1.08929e-05
1.0848e-05
1.08033e-05
1.07587e-05
1.07144e-05
1.06702e-05
1.06262e-05
1.05824e-05
1.05387e-05
1.04953e-05
1.0452e-05
1.04089e-05
1.0366e-05
1.03233e-05
1.02807e-05
1.02383e-05
1.01961e-05
1.01541e-05
1.01122e-05
1.00705e-05
1.0029e-05
9.98762e-06
9.94644e-06
9.90543e-06
9.86458e-06
9.82391e-06
9.78341e-06
9.74307e-06
9.70289e-06
9.66289e-06
9.62305e-06
9.58337e-06
9.54386e-06
9.5045e-06
9.46532e-06
9.42629e-06
9.38742e-06
9.34872e-06
9.31017e-06
9.27178e-06
9.23355e-06
9.19548e-06
9.15757e-06
9.11981e-06
9.08221e-06
9.04476e-06
9.00747e-06
8.97033e-06
8.93334e-06
8.89651e-06
8.85983e-06
8.8233e-06
8.78692e-06
8.75069e-06
8.7146e-06
8.67867e-06
8.64289e-06
8.60725e-06
8.57176e-06
8.53642e-06
8.50122e-06
8.46617e-06
8.43127e-06
8.3965e-06
8.36188e-06
8.3274e-06
8.29307e-06
8.25887e-06
8.22482e-06
8.19091e-06
8.15714e-06
8.1235e-06
8.09001e-06
8.05665e-06
8.02343e-06
7.99035e-06
7.95741e-06
7.9246e-06
7.89192e-06
7.85938e-06
7.82698e-06
7.79471e-06
7.76257e-06
7.73056e-06
7.69869e-06
7.66694e-06
7.63533e-06
7.60385e-06
7.5725e-06
7.54127e-06
7.51018e-06
7.47921e-06
7.44838e-06
7.41767e-06
7.38708e-06
7.35662e-06
7.32629e-06
7.29608e-06
7.266e-06
7.23604e-06
7.20621e-06
7.17649e-06
7.1469e-06
7.11744e-06
7.08809e-06
7.05886e-06
7.02976e-06
7.00077e-06
6.97191e-06
6.94316e-06
6.91453e-06
6.88603e-06
6.85763e-06
6.82936e-06
6.8012e-06
6.77316e-06
6.74523e-06
6.71742e-06
6.68972e-06
6.66214e-06
6.63467e-06
6.60731e-06
6.58007e-06
6.55294e-06
6.52592e-06
6.49901e-06
6.47222e-06
6.44553e-06
6.41895e-06
6.39249e-06
6.36613e-06
6.33988e-06
6.31374e-06
6.28771e-06
6.26178e-06
6.23597e-06
6.21025e-06
6.18465e-06
6.15915e-06
6.13375e-06
6.10846e-06
6.08328e-06
6.05819e-06
6.03321e-06
6.00834e-06
5.98357e-06
5.95889e-06
5.93432e-06
5.90986e-06
5.88549e-06
5.86122e-06
5.83706e-06
5.81299e-06
5.78902e-06
5.76515e-06
5.74138e-06
5.71771e-06
5.69413e-06
5.67065e-06
5.64727e-06
5.62399e-06
5.6008e-06
5.57771e-06
5.55471e-06
5.53181e-06
5.509e-06
5.48628e-06
5.46366e-06
5.44114e-06
5.4187e-06
5.39636e-06
5.37411e-06
5.35195e-06
5.32988e-06
5.30791e-06
5.28602e-06
5.26423e-06
5.24252e-06
5.22091e-06
5.19938e-06
5.17794e-06
5.15659e-06
5.13533e-06
5.11416e-06
5.09307e-06
5.07207e-06
5.05116e-06
5.03033e-06
5.00959e-06
4.98893e-06
4.96836e-06
4.94788e-06
4.92748e-06
4.90716e-06
4.88693e-06
4.86678e-06
4.84671e-06
4.82673e-06
4.80683e-06
4.78701e-06
4.76727e-06
4.74761e-06
4.72804e-06
4.70854e-06
4.68913e-06
4.66979e-06
4.65054e-06
4.63137e-06
4.61227e-06
4.59325e-06
4.57431e-06
4.55545e-06
4.53667e-06
4.51796e-06
4.49934e-06
4.48079e-06
4.46231e-06
4.44391e-06
4.42559e-06
4.40734e-06
4.38917e-06
4.37107e-06
4.35305e-06
4.3351e-06
4.31723e-06
4.29943e-06
4.2817e-06
4.26404e-06
4.24646e-06
4.22895e-06
4.21152e-06
4.19415e-06
4.17686e-06
4.15964e-06
4.14249e-06
4.12541e-06
4.1084e-06
4.09146e-06
4.07459e-06
4.05779e-06
4.04106e-06
4.02439e-06
4.0078e-06
3.99128e-06
3.97482e-06
3.95843e-06
3.94211e-06
3.92586e-06
3.90967e-06
3.89355e-06
3.87749e-06
3.86151e-06
3.84558e-06
3.82973e-06
3.81394e-06
3.79821e-06
3.78255e-06
3.76696e-06
3.75142e-06
3.73596e-06
3.72055e-06
3.70521e-06
3.68993e-06
3.67472e-06
3.65957e-06
3.64448e-06
3.62945e-06
3.61449e-06
3.59959e-06
3.58474e-06
3.56996e-06
3.55524e-06
3.54058e-06
3.52599e-06
3.51145e-06
3.49697e-06
3.48255e-06
3.46819e-06
3.45389e-06
3.43965e-06
3.42547e-06
3.41135e-06
3.39728e-06
3.38327e-06
3.36932e-06
3.35543e-06
3.3416e-06
3.32782e-06
3.3141e-06
3.30043e-06
3.28682e-06
3.27327e-06
3.25977e-06
3.24633e-06
3.23295e-06
3.21962e-06
3.20634e-06
3.19312e-06
3.17996e-06
3.16685e-06
3.15379e-06
3.14079e-06
3.12784e-06
3.11494e-06
3.1021e-06
3.08931e-06
3.07657e-06
3.06388e-06
3.05125e-06
3.03867e-06
3.02614e-06
3.01366e-06
3.00124e-06
2.98886e-06
2.97654e-06
2.96427e-06
2.95204e-06
2.93987e-06
2.92775e-06
2.91568e-06
2.90366e-06
2.89168e-06
2.87976e-06
2.86789e-06
2.85606e-06
2.84429e-06
2.83256e-06
2.82088e-06
2.80925e-06
2.79767e-06
2.78613e-06
2.77464e-06
2.7632e-06
2.75181e-06
2.74046e-06
2.72916e-06
2.71791e-06
2.70671e-06
2.69554e-06
2.68443e-06
2.67336e-06
2.66234e-06
2.65136e-06
2.64043e-06
2.62954e-06
2.6187e-06
2.6079e-06
2.59715e-06
2.58644e-06
2.57578e-06
2.56516e-06
2.55458e-06
2.54405e-06
2.53356e-06
2.52311e-06
2.51271e-06
2.50235e-06
2.49203e-06
2.48176e-06
2.47152e-06
2.46133e-06
2.45118e-06
2.44108e-06
2.43101e-06
2.42099e-06
2.41101e-06
2.40107e-06
2.39117e-06
2.38131e-06
2.37149e-06
2.36171e-06
2.35197e-06
2.34228e-06
2.33262e-06
2.323e-06
2.31342e-06
2.30388e-06
2.29438e-06
2.28492e-06
2.2755e-06
2.26612e-06
2.25678e-06
2.24747e-06
2.23821e-06
2.22898e-06
2.21979e-06
2.21063e-06
2.20152e-06
2.19244e-06
2.1834e-06
2.1744e-06
2.16543e-06
2.15651e-06
2.14761e-06
2.13876e-06
2.12994e-06
2.12116e-06
2.11241e-06
2.1037e-06
2.09503e-06
2.08639e-06
2.07779e-06
2.06922e-06
2.06069e-06
2.05219e-06
2.04373e-06
2.0353e-06
2.02691e-06
2.01856e-06
2.01023e-06
2.00194e-06
1.99369e-06
1.98547e-06
1.97728e-06
1.96913e-06
1.96101e-06
1.95293e-06
1.94487e-06
1.93685e-06
1.92887e-06
1.92092e-06
1.913e-06
1.90511e-06
1.89725e-06
1.88943e-06
1.88164e-06
1.87388e-06
1.86615e-06
1.85846e-06
1.8508e-06
1.84317e-06
1.83557e-06
1.828e-06
1.82046e-06
1.81296e-06
1.80548e-06
1.79804e-06
1.79062e-06
1.78324e-06
1.77589e-06
1.76856e-06
1.76127e-06
1.75401e-06
1.74678e-06
1.73958e-06
1.7324e-06
1.72526e-06
1.71815e-06
1.71106e-06
1.70401e-06
1.69698e-06
1.68998e-06
1.68302e-06
1.67608e-06
1.66917e-06
1.66228e-06
1.65543e-06
1.6486e-06
1.64181e-06
1.63504e-06
1.6283e-06
1.62158e-06
1.6149e-06
1.60824e-06
1.60161e-06
1.595e-06
1.58843e-06
1.58188e-06
1.57536e-06
1.56886e-06
1.56239e-06
1.55595e-06
1.54953e-06
1.54314e-06
1.53678e-06
1.53045e-06
1.52414e-06
1.51785e-06
1.51159e-06
1.50536e-06
1.49915e-06
1.49297e-06
1.48682e-06
1.48069e-06
1.47458e-06
1.4685e-06
1.46245e-06
1.45642e-06
1.45041e-06
1.44443e-06
1.43847e-06
1.43254e-06
1.42664e-06
1.42076e-06
1.4149e-06
1.40906e-06
1.40325e-06
1.39747e-06
1.39171e-06
1.38597e-06
1.38025e-06
1.37456e-06
1.36889e-06
1.36325e-06
1.35763e-06
1.35203e-06
1.34646e-06
1.34091e-06
1.33538e-06
1.32987e-06
1.32439e-06
1.31893e-06
1.31349e-06
1.30807e-06
1.30268e-06
1.29731e-06
1.29196e-06
1.28663e-06
1.28133e-06
1.27604e-06
1.27078e-06
1.26554e-06
1.26032e-06
1.25513e-06
1.24995e-06
1.2448e-06
1.23967e-06
1.23456e-06
1.22947e-06
1.2244e-06
1.21935e-06
1.21432e-06
1.20931e-06
1.20433e-06
1.19936e-06
1.19442e-06
1.18949e-06
1.18459e-06
1.1797e-06
1.17484e-06
1.16999e-06
1.16517e-06
1.16037e-06
1.15558e-06
1.15082e-06
1.14607e-06
1.14135e-06
1.13664e-06
1.13195e-06
1.12729e-06
1.12264e-06
1.11801e-06
1.1134e-06
1.10881e-06
1.10424e-06
1.09968e-06
1.09515e-06
1.09064e-06
1.08614e-06
1.08166e-06
1.0772e-06
1.07276e-06
1.06834e-06
1.06393e-06
1.05954e-06
1.05518e-06
1.05082e-06
1.04649e-06
1.04218e-06
1.03788e-06
1.0336e-06
1.02934e-06
1.02509e-06
1.02087e-06
1.01666e-06
1.01247e-06
1.00829e-06
1.00414e-06
9.99995e-07
9.95872e-07
9.91765e-07
9.87676e-07
9.83604e-07
9.79548e-07
9.7551e-07
9.71487e-07
9.67482e-07
9.63493e-07
9.5952e-07
9.55564e-07
9.51624e-07
9.477e-07
9.43793e-07
9.39901e-07
9.36026e-07
9.32166e-07
9.28323e-07
9.24495e-07
9.20683e-07
9.16887e-07
9.13107e-07
9.09342e-07
9.05593e-07
9.01859e-07
8.9814e-07
8.94437e-07
8.90749e-07
8.87076e-07
8.83419e-07
8.79776e-07
8.76149e-07
8.72536e-07
8.68939e-07
8.65356e-07
8.61788e-07
8.58235e-07
8.54696e-07
8.51172e-07
8.47662e-07
8.44167e-07
8.40687e-07
8.3722e-07
8.33768e-07
8.30331e-07
8.26907e-07
8.23498e-07
8.20102e-07
8.16721e-07
8.13353e-07
8.1e-07
8.0666e-07
8.03334e-07
8.00022e-07
7.96723e-07
7.93438e-07
7.90167e-07
7.86909e-07
7.83664e-07
7.80433e-07
7.77215e-07
7.7401e-07
7.70819e-07
7.67641e-07
7.64476e-07
7.61324e-07
7.58185e-07
7.55058e-07
7.51945e-07
7.48845e-07
7.45757e-07
7.42682e-07
7.3962e-07
7.36571e-07
7.33534e-07
7.30509e-07
7.27497e-07
7.24497e-07
7.2151e-07
7.18535e-07
7.15573e-07
7.12622e-07
7.09684e-07
7.06758e-07
7.03844e-07
7.00942e-07
6.98052e-07
6.95173e-07
6.92307e-07
6.89453e-07
6.8661e-07
6.83779e-07
6.8096e-07
6.78152e-07
6.75356e-07
6.72571e-07
6.69798e-07
6.67036e-07
6.64286e-07
6.61547e-07
6.58819e-07
6.56103e-07
6.53398e-07
6.50704e-07
6.48021e-07
6.45349e-07
6.42688e-07
6.40038e-07
6.37399e-07
6.34771e-07
6.32154e-07
6.29547e-07
6.26951e-07
6.24366e-07
6.21792e-07
6.19228e-07
6.16675e-07
6.14132e-07
6.116e-07
6.09079e-07
6.06567e-07
6.04066e-07
6.01576e-07
5.99095e-07
5.96625e-07
5.94165e-07
5.91715e-07
5.89275e-07
5.86846e-07
5.84426e-07
5.82016e-07
5.79617e-07
5.77227e-07
5.74847e-07
5.72477e-07
5.70116e-07
5.67766e-07
5.65425e-07
5.63093e-07
5.60771e-07
5.58459e-07
5.56157e-07
5.53864e-07
5.5158e-07
5.49306e-07
5.47041e-07
5.44785e-07
5.42539e-07
5.40302e-07
5.38074e-07
5.35856e-07
5.33646e-07
5.31446e-07
5.29255e-07
5.27073e-07
5.24899e-07
5.22735e-07
5.2058e-07
5.18433e-07
5.16296e-07
5.14167e-07
5.12047e-07
5.09936e-07
5.07833e-07
5.05739e-07
5.03654e-07
5.01577e-07
4.99509e-07
4.9745e-07
4.95399e-07
4.93356e-07
4.91322e-07
4.89296e-07
4.87279e-07
4.85269e-07
4.83269e-07
4.81276e-07
4.79292e-07
4.77315e-07
4.75347e-07
4.73387e-07
4.71436e-07
4.69492e-07
4.67556e-07
4.65628e-07
4.63708e-07
4.61796e-07
4.59892e-07
4.57996e-07
4.56108e-07
4.54227e-07
4.52354e-07
4.50489e-07
4.48632e-07
4.46782e-07
4.4494e-07
4.43105e-07
4.41278e-07
4.39459e-07
4.37647e-07
4.35842e-07
4.34045e-07
4.32256e-07
4.30473e-07
4.28698e-07
4.26931e-07
4.2517e-07
4.23417e-07
4.21672e-07
4.19933e-07
4.18202e-07
4.16477e-07
4.1476e-07
4.1305e-07
4.11347e-07
4.09651e-07
4.07962e-07
4.0628e-07
4.04604e-07
4.02936e-07
4.01275e-07
3.9962e-07
3.97973e-07
3.96332e-07
3.94698e-07
3.9307e-07
3.91449e-07
3.89835e-07
3.88228e-07
3.86627e-07
3.85033e-07
3.83446e-07
3.81865e-07
3.8029e-07
3.78722e-07
3.77161e-07
3.75606e-07
3.74057e-07
3.72515e-07
3.70979e-07
3.69449e-07
3.67926e-07
3.66409e-07
3.64898e-07
3.63393e-07
3.61895e-07
3.60403e-07
3.58917e-07
3.57437e-07
3.55963e-07
3.54496e-07
3.53034e-07
3.51578e-07
3.50129e-07
3.48685e-07
3.47247e-07
3.45816e-07
3.4439e-07
3.4297e-07
3.41556e-07
3.40147e-07
3.38745e-07
3.37348e-07
3.35957e-07
3.34572e-07
3.33193e-07
3.31819e-07
3.30451e-07
3.29088e-07
3.27731e-07
3.2638e-07
3.25034e-07
3.23694e-07
3.22359e-07
3.2103e-07
3.19707e-07
3.18388e-07
3.17076e-07
3.15768e-07
3.14466e-07
3.1317e-07
3.11878e-07
3.10593e-07
3.09312e-07
3.08037e-07
3.06766e-07
3.05502e-07
3.04242e-07
3.02988e-07
3.01738e-07
3.00494e-07
2.99255e-07
2.98021e-07
2.96792e-07
2.95569e-07
2.9435e-07
2.93136e-07
2.91928e-07
2.90724e-07
2.89525e-07
2.88332e-07
2.87143e-07
2.85959e-07
2.8478e-07
2.83606e-07
2.82436e-07
2.81272e-07
2.80112e-07
2.78957e-07
2.77807e-07
2.76661e-07
2.75521e-07
2.74385e-07
2.73253e-07
2.72127e-07
2.71005e-07
2.69887e-07
2.68774e-07
2.67666e-07
2.66563e-07
2.65464e-07
2.64369e-07
2.63279e-07
2.62193e-07
2.61112e-07
2.60036e-07
2.58964e-07
2.57896e-07
2.56832e-07
2.55774e-07
2.54719e-07
2.53669e-07
2.52623e-07
2.51581e-07
2.50544e-07
2.49511e-07
2.48482e-07
2.47457e-07
2.46437e-07
2.45421e-07
2.44409e-07
2.43401e-07
2.42398e-07
2.41398e-07
2.40403e-07
2.39412e-07
2.38425e-07
2.37442e-07
2.36463e-07
2.35488e-07
2.34517e-07
2.3355e-07
2.32587e-07
2.31628e-07
2.30673e-07
2.29722e-07
2.28774e-07
2.27831e-07
2.26892e-07
2.25956e-07
2.25025e-07
2.24097e-07
2.23173e-07
2.22253e-07
2.21336e-07
2.20424e-07
2.19515e-07
2.1861e-07
2.17708e-07
2.16811e-07
2.15917e-07
2.15027e-07
2.1414e-07
2.13257e-07
2.12378e-07
2.11502e-07
2.1063e-07
2.09762e-07
2.08897e-07
2.08035e-07
2.07178e-07
2.06323e-07
2.05473e-07
2.04625e-07
2.03782e-07
2.02941e-07
2.02105e-07
2.01271e-07
2.00442e-07
1.99615e-07
1.98792e-07
1.97972e-07
1.97156e-07
1.96343e-07
1.95534e-07
1.94727e-07
1.93925e-07
1.93125e-07
1.92329e-07
1.91536e-07
1.90746e-07
1.89959e-07
1.89176e-07
1.88396e-07
1.87619e-07
1.86846e-07
1.86075e-07
1.85308e-07
1.84544e-07
1.83783e-07
1.83025e-07
1.82271e-07
1.81519e-07
1.80771e-07
1.80026e-07
1.79283e-07
1.78544e-07
1.77808e-07
1.77075e-07
1.76345e-07
1.75618e-07
1.74893e-07
1.74172e-07
1.73454e-07
1.72739e-07
1.72027e-07
1.71317e-07
1.70611e-07
1.69908e-07
1.69207e-07
1.68509e-07
1.67815e-07
1.67123e-07
1.66434e-07
1.65747e-07
1.65064e-07
1.64383e-07
1.63706e-07
1.63031e-07
1.62358e-07
1.61689e-07
1.61022e-07
1.60358e-07
1.59697e-07
1.59039e-07
1.58383e-07
1.5773e-07
1.5708e-07
1.56432e-07
1.55787e-07
1.55145e-07
1.54505e-07
1.53868e-07
1.53233e-07
1.52602e-07
1.51972e-07
1.51346e-07
1.50722e-07
1.501e-07
1.49482e-07
1.48865e-07
1.48251e-07
1.4764e-07
1.47031e-07
1.46425e-07
1.45821e-07
1.4522e-07
1.44621e-07
1.44025e-07
1.43431e-07
1.4284e-07
1.42251e-07
1.41664e-07
1.4108e-07
1.40499e-07
1.39919e-07
1.39342e-07
1.38768e-07
1.38196e-07
1.37626e-07
1.37058e-07
1.36493e-07
1.35931e-07
1.3537e-07
1.34812e-07
1.34256e-07
1.33702e-07
1.33151e-07
1.32602e-07
1.32055e-07
1.31511e-07
1.30969e-07
1.30429e-07
1.29891e-07
1.29355e-07
1.28822e-07
1.28291e-07
1.27762e-07
1.27235e-07
1.26711e-07
1.26188e-07
1.25668e-07
1.2515e-07
1.24634e-07
1.2412e-07
1.23608e-07
1.23098e-07
1.22591e-07
1.22085e-07
1.21582e-07
1.21081e-07
1.20581e-07
1.20084e-07
1.19589e-07
1.19096e-07
1.18605e-07
1.18116e-07
1.17629e-07
1.17144e-07
1.16661e-07
1.1618e-07
1.15701e-07
1.15224e-07
1.14749e-07
1.14276e-07
1.13804e-07
1.13335e-07
1.12868e-07
1.12402e-07
1.11939e-07
1.11477e-07
1.11018e-07
1.1056e-07
1.10104e-07
1.0965e-07
1.09198e-07
1.08748e-07
1.083e-07
1.07853e-07
1.07408e-07
1.06965e-07
1.06524e-07
1.06085e-07
1.05648e-07
1.05212e-07
1.04778e-07
1.04346e-07
1.03916e-07
1.03488e-07
1.03061e-07
1.02636e-07
1.02213e-07
1.01791e-07
1.01372e-07
1.00954e-07
1.00537e-07
1.00123e-07
9.97101e-08
9.9299e-08
9.88896e-08
9.84818e-08
9.80758e-08
9.76714e-08
9.72687e-08
9.68676e-08
9.64682e-08
9.60705e-08
9.56743e-08
9.52799e-08
9.4887e-08
9.44958e-08
9.41061e-08
9.37181e-08
9.33317e-08
9.29469e-08
9.25637e-08
9.2182e-08
9.18019e-08
9.14234e-08
9.10465e-08
9.06711e-08
9.02972e-08
8.99249e-08
8.95541e-08
8.91849e-08
8.88171e-08
8.84509e-08
8.80862e-08
8.7723e-08
8.73614e-08
8.70011e-08
8.66424e-08
8.62852e-08
8.59294e-08
8.55751e-08
8.52223e-08
8.48709e-08
8.4521e-08
8.41725e-08
8.38254e-08
8.34798e-08
8.31356e-08
8.27928e-08
8.24514e-08
8.21115e-08
8.17729e-08
8.14357e-08
8.11e-08
8.07656e-08
8.04326e-08
8.01009e-08
7.97707e-08
7.94418e-08
7.91142e-08
7.8788e-08
7.84631e-08
7.81396e-08
7.78174e-08
7.74966e-08
7.71771e-08
7.68588e-08
7.65419e-08
7.62263e-08
7.59121e-08
7.55991e-08
7.52874e-08
7.49769e-08
7.46678e-08
7.43599e-08
7.40533e-08
7.3748e-08
7.34439e-08
7.31411e-08
7.28395e-08
7.25392e-08
7.22401e-08
7.19422e-08
7.16456e-08
7.13502e-08
7.1056e-08
7.0763e-08
7.04713e-08
7.01807e-08
6.98913e-08
6.96032e-08
6.93162e-08
6.90304e-08
6.87458e-08
6.84623e-08
6.818e-08
6.78989e-08
6.76189e-08
6.73401e-08
6.70625e-08
6.6786e-08
6.65106e-08
6.62364e-08
6.59633e-08
6.56913e-08
6.54204e-08
6.51507e-08
6.48821e-08
6.46145e-08
6.43481e-08
6.40828e-08
6.38186e-08
6.35555e-08
6.32934e-08
6.30324e-08
6.27725e-08
6.25137e-08
6.2256e-08
6.19993e-08
6.17436e-08
6.14891e-08
6.12355e-08
6.0983e-08
6.07316e-08
6.04812e-08
6.02318e-08
5.99835e-08
5.97362e-08
5.94899e-08
5.92446e-08
5.90003e-08
5.8757e-08
5.85148e-08
5.82735e-08
5.80332e-08
5.77939e-08
5.75556e-08
5.73183e-08
5.7082e-08
5.68466e-08
5.66123e-08
5.63788e-08
5.61464e-08
5.59149e-08
5.56843e-08
5.54547e-08
5.52261e-08
5.49984e-08
5.47716e-08
5.45458e-08
5.43209e-08
5.40969e-08
5.38739e-08
5.36517e-08
5.34305e-08
5.32102e-08
5.29908e-08
5.27723e-08
5.25547e-08
5.2338e-08
5.21222e-08
5.19073e-08
5.16933e-08
5.14802e-08
5.12679e-08
5.10565e-08
5.0846e-08
5.06364e-08
5.04276e-08
5.02197e-08
5.00126e-08
4.98064e-08
4.9601e-08
4.93965e-08
4.91928e-08
4.899e-08
4.8788e-08
4.85869e-08
4.83865e-08
4.8187e-08
4.79883e-08
4.77905e-08
4.75934e-08
4.73972e-08
4.72018e-08
4.70071e-08
4.68133e-08
4.66203e-08
4.64281e-08
4.62366e-08
4.6046e-08
4.58562e-08
4.56671e-08
4.54788e-08
4.52913e-08
4.51045e-08
4.49186e-08
4.47333e-08
4.45489e-08
4.43652e-08
4.41823e-08
4.40001e-08
4.38187e-08
4.3638e-08
4.34581e-08
4.32789e-08
4.31005e-08
4.29228e-08
4.27458e-08
4.25695e-08
4.2394e-08
4.22192e-08
4.20451e-08
4.18718e-08
4.16991e-08
4.15272e-08
4.1356e-08
4.11855e-08
4.10156e-08
4.08465e-08
4.06781e-08
4.05104e-08
4.03434e-08
4.0177e-08
4.00114e-08
3.98464e-08
3.96821e-08
3.95185e-08
3.93555e-08
3.91933e-08
3.90317e-08
3.88707e-08
3.87105e-08
3.85509e-08
3.83919e-08
3.82336e-08
3.8076e-08
3.7919e-08
3.77626e-08
3.76069e-08
3.74519e-08
3.72974e-08
3.71437e-08
3.69905e-08
3.6838e-08
3.66861e-08
3.65348e-08
3.63842e-08
3.62342e-08
3.60848e-08
3.5936e-08
3.57878e-08
3.56403e-08
3.54933e-08
3.5347e-08
3.52012e-08
3.50561e-08
3.49116e-08
3.47676e-08
3.46243e-08
3.44815e-08
3.43393e-08
3.41977e-08
3.40567e-08
3.39163e-08
3.37765e-08
3.36372e-08
3.34985e-08
3.33604e-08
3.32228e-08
3.30859e-08
3.29494e-08
3.28136e-08
3.26783e-08
3.25435e-08
3.24094e-08
3.22757e-08
3.21427e-08
3.20101e-08
3.18781e-08
3.17467e-08
3.16158e-08
3.14855e-08
3.13556e-08
3.12263e-08
3.10976e-08
3.09694e-08
3.08417e-08
3.07145e-08
3.05879e-08
3.04618e-08
3.03362e-08
3.02111e-08
3.00865e-08
2.99625e-08
2.98389e-08
2.97159e-08
2.95934e-08
2.94713e-08
2.93498e-08
2.92288e-08
2.91083e-08
2.89883e-08
2.88688e-08
2.87497e-08
2.86312e-08
2.85131e-08
2.83956e-08
2.82785e-08
2.81619e-08
2.80458e-08
2.79301e-08
2.7815e-08
2.77003e-08
2.75861e-08
2.74723e-08
2.73591e-08
2.72463e-08
2.71339e-08
2.7022e-08
2.69106e-08
2.67997e-08
2.66892e-08
2.65791e-08
2.64695e-08
2.63604e-08
2.62517e-08
2.61435e-08
2.60357e-08
2.59283e-08
2.58214e-08
2.5715e-08
2.56089e-08
2.55033e-08
2.53982e-08
2.52935e-08
2.51892e-08
2.50853e-08
2.49819e-08
2.48789e-08
2.47763e-08
2.46741e-08
2.45724e-08
2.44711e-08
2.43702e-08
2.42697e-08
2.41696e-08
2.407e-08
2.39707e-08
2.38719e-08
2.37735e-08
2.36755e-08
2.35778e-08
2.34806e-08
2.33838e-08
2.32874e-08
2.31914e-08
2.30958e-08
2.30005e-08
2.29057e-08
2.28112e-08
2.27172e-08
2.26235e-08
2.25302e-08
2.24373e-08
2.23448e-08
2.22527e-08
2.2161e-08
2.20696e-08
2.19786e-08
2.1888e-08
2.17977e-08
2.17078e-08
2.16183e-08
2.15292e-08
2.14404e-08
2.1352e-08
2.1264e-08
2.11763e-08
2.1089e-08
2.1002e-08
2.09155e-08
2.08292e-08
2.07433e-08
2.06578e-08
2.05726e-08
2.04878e-08
2.04033e-08
2.03192e-08
2.02354e-08
2.0152e-08
2.00689e-08
1.99862e-08
1.99037e-08
1.98217e-08
1.974e-08
1.96586e-08
1.95775e-08
1.94968e-08
1.94164e-08
1.93363e-08
1.92566e-08
1.91772e-08
1.90981e-08
1.90194e-08
1.8941e-08
1.88629e-08
1.87851e-08
1.87077e-08
1.86305e-08
1.85537e-08
1.84772e-08
1.8401e-08
1.83251e-08
1.82496e-08
1.81743e-08
1.80994e-08
1.80248e-08
1.79505e-08
1.78764e-08
1.78027e-08
1.77293e-08
1.76562e-08
1.75834e-08
1.75109e-08
1.74387e-08
1.73668e-08
1.72952e-08
1.72239e-08
1.71529e-08
1.70822e-08
1.70117e-08
1.69416e-08
1.68717e-08
1.68022e-08
1.67329e-08
1.66639e-08
1.65952e-08
1.65268e-08
1.64586e-08
1.63908e-08
1.63232e-08
1.62559e-08
1.61889e-08
1.61221e-08
1.60556e-08
1.59894e-08
1.59235e-08
1.58579e-08
1.57925e-08
1.57274e-08
1.56625e-08
1.55979e-08
1.55336e-08
1.54696e-08
1.54058e-08
1.53423e-08
1.5279e-08
1.5216e-08
1.51533e-08
1.50908e-08
1.50286e-08
1.49666e-08
1.49049e-08
1.48434e-08
1.47822e-08
1.47213e-08
1.46606e-08
1.46001e-08
1.45399e-08
1.448e-08
1.44203e-08
1.43608e-08
1.43016e-08
1.42427e-08
1.41839e-08
1.41254e-08
1.40672e-08
1.40092e-08
1.39514e-08
1.38939e-08
1.38366e-08
1.37796e-08
1.37228e-08
1.36662e-08
1.36098e-08
1.35537e-08
1.34978e-08
1.34422e-08
1.33868e-08
1.33316e-08
1.32766e-08
1.32218e-08
1.31673e-08
1.3113e-08
1.3059e-08
1.30051e-08
1.29515e-08
1.28981e-08
1.28449e-08
1.2792e-08
1.27392e-08
1.26867e-08
1.26344e-08
1.25823e-08
1.25304e-08
1.24787e-08
1.24273e-08
1.23761e-08
1.2325e-08
1.22742e-08
1.22236e-08
1.21732e-08
1.2123e-08
1.2073e-08
1.20232e-08
1.19737e-08
1.19243e-08
1.18751e-08
1.18262e-08
1.17774e-08
1.17289e-08
1.16805e-08
1.16323e-08
1.15844e-08
1.15366e-08
1.1489e-08
1.14417e-08
1.13945e-08
1.13475e-08
1.13007e-08
1.12541e-08
1.12077e-08
1.11615e-08
1.11155e-08
1.10697e-08
1.1024e-08
1.09786e-08
1.09333e-08
1.08882e-08
1.08433e-08
1.07986e-08
1.07541e-08
1.07097e-08
1.06656e-08
1.06216e-08
1.05778e-08
1.05342e-08
1.04908e-08
1.04475e-08
1.04044e-08
1.03615e-08
1.03188e-08
1.02763e-08
1.02339e-08
1.01917e-08
1.01497e-08
1.01078e-08
1.00662e-08
1.00247e-08
9.98332e-09
9.94216e-09
9.90116e-09
9.86034e-09
9.81968e-09
9.7792e-09
9.73887e-09
9.69872e-09
9.65873e-09
9.61891e-09
9.57925e-09
9.53975e-09
9.50041e-09
9.46124e-09
9.42223e-09
9.38338e-09
9.34469e-09
9.30616e-09
9.26779e-09
9.22958e-09
9.19153e-09
9.15363e-09
9.11589e-09
9.0783e-09
9.04087e-09
9.00359e-09
8.96647e-09
8.9295e-09
8.89268e-09
8.85601e-09
8.8195e-09
8.78313e-09
8.74692e-09
8.71085e-09
8.67494e-09
8.63917e-09
8.60355e-09
8.56808e-09
8.53275e-09
8.49757e-09
8.46253e-09
8.42764e-09
8.39289e-09
8.35828e-09
8.32382e-09
8.2895e-09
8.25532e-09
8.22128e-09
8.18739e-09
8.15363e-09
8.12001e-09
8.08653e-09
8.05319e-09
8.01998e-09
7.98691e-09
7.95398e-09
7.92119e-09
7.88853e-09
7.856e-09
7.82361e-09
7.79135e-09
7.75923e-09
7.72723e-09
7.69537e-09
7.66364e-09
7.63205e-09
7.60058e-09
7.56924e-09
7.53803e-09
7.50695e-09
7.476e-09
7.44517e-09
7.41447e-09
7.3839e-09
7.35346e-09
7.32314e-09
7.29294e-09
7.26287e-09
7.23293e-09
7.20311e-09
7.17341e-09
7.14383e-09
7.11437e-09
7.08504e-09
7.05583e-09
7.02673e-09
6.99776e-09
6.96891e-09
6.94018e-09
6.91156e-09
6.88306e-09
6.85468e-09
6.82642e-09
6.79827e-09
6.77024e-09
6.74233e-09
6.71453e-09
6.68684e-09
6.65927e-09
6.63181e-09
6.60447e-09
6.57724e-09
6.55012e-09
6.52311e-09
6.49622e-09
6.46943e-09
6.44276e-09
6.41619e-09
6.38974e-09
6.36339e-09
6.33715e-09
6.31103e-09
6.285e-09
6.25909e-09
6.23328e-09
6.20758e-09
6.18199e-09
6.1565e-09
6.13111e-09
6.10583e-09
6.08066e-09
6.05559e-09
6.03062e-09
6.00575e-09
5.98099e-09
5.95633e-09
5.93177e-09
5.90731e-09
5.88296e-09
5.8587e-09
5.83454e-09
5.81049e-09
5.78653e-09
5.76267e-09
5.73891e-09
5.71525e-09
5.69168e-09
5.66821e-09
5.64484e-09
5.62157e-09
5.59839e-09
5.57531e-09
5.55232e-09
5.52943e-09
5.50663e-09
5.48392e-09
5.46131e-09
5.43879e-09
5.41637e-09
5.39404e-09
5.3718e-09
5.34965e-09
5.32759e-09
5.30562e-09
5.28375e-09
5.26196e-09
5.24027e-09
5.21866e-09
5.19714e-09
5.17571e-09
5.15437e-09
5.13312e-09
5.11196e-09
5.09088e-09
5.06989e-09
5.04898e-09
5.02817e-09
5.00743e-09
4.98679e-09
4.96623e-09
4.94575e-09
4.92536e-09
4.90505e-09
4.88482e-09
4.86468e-09
4.84463e-09
4.82465e-09
4.80476e-09
4.78495e-09
4.76522e-09
4.74557e-09
4.726e-09
4.70652e-09
4.68711e-09
4.66779e-09
4.64854e-09
4.62937e-09
4.61029e-09
4.59128e-09
4.57235e-09
4.55349e-09
4.53472e-09
4.51602e-09
4.4974e-09
4.47886e-09
4.46039e-09
4.442e-09
4.42368e-09
4.40544e-09
4.38728e-09
4.36919e-09
4.35118e-09
4.33323e-09
4.31537e-09
4.29758e-09
4.27986e-09
4.26221e-09
4.24464e-09
4.22713e-09
4.2097e-09
4.19235e-09
4.17506e-09
4.15785e-09
4.1407e-09
4.12363e-09
4.10663e-09
4.0897e-09
4.07283e-09
4.05604e-09
4.03932e-09
4.02266e-09
4.00608e-09
3.98956e-09
3.97311e-09
3.95673e-09
3.94041e-09
3.92417e-09
3.90799e-09
3.89187e-09
3.87583e-09
3.85984e-09
3.84393e-09
3.82808e-09
3.8123e-09
3.79658e-09
3.78092e-09
3.76534e-09
3.74981e-09
3.73435e-09
3.71895e-09
3.70362e-09
3.68835e-09
3.67314e-09
3.65799e-09
3.64291e-09
3.62789e-09
3.61293e-09
3.59804e-09
3.5832e-09
3.56843e-09
3.55371e-09
3.53906e-09
3.52447e-09
3.50994e-09
3.49547e-09
3.48105e-09
3.4667e-09
3.45241e-09
3.43817e-09
3.424e-09
3.40988e-09
3.39582e-09
3.38182e-09
3.36787e-09
3.35399e-09
3.34016e-09
3.32639e-09
3.31267e-09
3.29901e-09
3.28541e-09
3.27186e-09
3.25837e-09
3.24494e-09
3.23156e-09
3.21823e-09
3.20496e-09
3.19175e-09
3.17859e-09
3.16548e-09
3.15243e-09
3.13943e-09
3.12649e-09
3.1136e-09
3.10076e-09
3.08798e-09
3.07524e-09
3.06256e-09
3.04994e-09
3.03736e-09
3.02484e-09
3.01237e-09
2.99994e-09
2.98758e-09
2.97526e-09
2.96299e-09
2.95077e-09
2.93861e-09
2.92649e-09
2.91442e-09
2.90241e-09
2.89044e-09
2.87852e-09
2.86665e-09
2.85483e-09
2.84306e-09
2.83134e-09
2.81967e-09
2.80804e-09
2.79646e-09
2.78493e-09
2.77345e-09
2.76201e-09
2.75063e-09
2.73928e-09
2.72799e-09
2.71674e-09
2.70554e-09
2.69439e-09
2.68328e-09
2.67221e-09
2.66119e-09
2.65022e-09
2.63929e-09
2.62841e-09
2.61757e-09
2.60678e-09
2.59603e-09
2.58533e-09
2.57467e-09
2.56405e-09
2.55348e-09
2.54295e-09
2.53247e-09
2.52203e-09
2.51163e-09
2.50127e-09
2.49096e-09
2.48069e-09
2.47046e-09
2.46027e-09
2.45013e-09
2.44003e-09
2.42997e-09
2.41995e-09
2.40997e-09
2.40003e-09
2.39014e-09
2.38028e-09
2.37047e-09
2.36069e-09
2.35096e-09
2.34127e-09
2.33161e-09
2.322e-09
2.31243e-09
2.30289e-09
2.2934e-09
2.28394e-09
2.27452e-09
2.26515e-09
2.25581e-09
2.2465e-09
2.23724e-09
2.22802e-09
2.21883e-09
2.20968e-09
2.20057e-09
2.1915e-09
2.18246e-09
2.17346e-09
2.1645e-09
2.15558e-09
2.14669e-09
2.13784e-09
2.12902e-09
2.12025e-09
2.1115e-09
2.1028e-09
2.09413e-09
2.08549e-09
2.07689e-09
2.06833e-09
2.0598e-09
2.05131e-09
2.04285e-09
2.03443e-09
2.02604e-09
2.01769e-09
2.00937e-09
2.00108e-09
1.99283e-09
1.98461e-09
1.97643e-09
1.96828e-09
1.96017e-09
1.95209e-09
1.94404e-09
1.93602e-09
1.92804e-09
1.92009e-09
1.91217e-09
1.90429e-09
1.89644e-09
1.88862e-09
1.88083e-09
1.87307e-09
1.86535e-09
1.85766e-09
1.85e-09
1.84237e-09
1.83478e-09
1.82721e-09
1.81968e-09
1.81217e-09
1.8047e-09
1.79726e-09
1.78985e-09
1.78247e-09
1.77512e-09
1.7678e-09
1.76051e-09
1.75326e-09
1.74603e-09
1.73883e-09
1.73166e-09
1.72452e-09
1.71741e-09
1.71033e-09
1.70327e-09
1.69625e-09
1.68926e-09
1.68229e-09
1.67536e-09
1.66845e-09
1.66157e-09
1.65472e-09
1.6479e-09
1.6411e-09
1.63433e-09
1.6276e-09
1.62088e-09
1.6142e-09
1.60755e-09
1.60092e-09
1.59432e-09
1.58774e-09
1.5812e-09
1.57468e-09
1.56818e-09
1.56172e-09
1.55528e-09
1.54887e-09
1.54248e-09
1.53612e-09
1.52979e-09
1.52348e-09
1.5172e-09
1.51094e-09
1.50471e-09
1.49851e-09
1.49233e-09
1.48618e-09
1.48005e-09
1.47395e-09
1.46787e-09
1.46182e-09
1.45579e-09
1.44979e-09
1.44381e-09
1.43786e-09
1.43193e-09
1.42602e-09
1.42014e-09
1.41429e-09
1.40846e-09
1.40265e-09
1.39687e-09
1.39111e-09
1.38537e-09
1.37966e-09
1.37397e-09
1.36831e-09
1.36266e-09
1.35704e-09
1.35145e-09
1.34588e-09
1.34033e-09
1.3348e-09
1.3293e-09
1.32382e-09
1.31836e-09
1.31292e-09
1.30751e-09
1.30212e-09
1.29675e-09
1.2914e-09
1.28608e-09
1.28078e-09
1.27549e-09
1.27024e-09
1.265e-09
1.25978e-09
1.25459e-09
1.24942e-09
1.24426e-09
1.23913e-09
1.23402e-09
1.22894e-09
1.22387e-09
1.21882e-09
1.2138e-09
1.20879e-09
1.20381e-09
1.19885e-09
1.1939e-09
1.18898e-09
1.18408e-09
1.17919e-09
1.17433e-09
1.16949e-09
1.16467e-09
1.15987e-09
1.15508e-09
1.15032e-09
1.14558e-09
1.14086e-09
1.13615e-09
1.13147e-09
1.1268e-09
1.12216e-09
1.11753e-09
1.11292e-09
1.10833e-09
1.10376e-09
1.09921e-09
1.09468e-09
1.09017e-09
1.08567e-09
1.08119e-09
1.07674e-09
1.0723e-09
1.06788e-09
1.06347e-09
1.05909e-09
1.05472e-09
1.05037e-09
1.04604e-09
1.04173e-09
1.03743e-09
1.03316e-09
1.0289e-09
1.02465e-09
1.02043e-09
1.01622e-09
1.01203e-09
1.00786e-09
1.0037e-09
9.99564e-10
9.95443e-10
9.91339e-10
9.87251e-10
9.83181e-10
9.79127e-10
9.7509e-10
9.71069e-10
9.67065e-10
9.63078e-10
9.59107e-10
9.55153e-10
9.51214e-10
9.47292e-10
9.43386e-10
9.39497e-10
9.35623e-10
9.31765e-10
9.27923e-10
9.24097e-10
9.20287e-10
9.16493e-10
9.12714e-10
9.08951e-10
9.05203e-10
9.01471e-10
8.97754e-10
8.94052e-10
8.90366e-10
8.86695e-10
8.83039e-10
8.79398e-10
8.75772e-10
8.72161e-10
8.68565e-10
8.64984e-10
8.61417e-10
8.57865e-10
8.54328e-10
8.50806e-10
8.47298e-10
8.43804e-10
8.40325e-10
8.3686e-10
8.3341e-10
8.29973e-10
8.26551e-10
8.23143e-10
8.19749e-10
8.16369e-10
8.13003e-10
8.09651e-10
8.06313e-10
8.02988e-10
7.99677e-10
7.9638e-10
7.93097e-10
7.89827e-10
7.8657e-10
7.83327e-10
7.80097e-10
7.76881e-10
7.73677e-10
7.70487e-10
7.6731e-10
7.64147e-10
7.60996e-10
7.57858e-10
7.54734e-10
7.51622e-10
7.48523e-10
7.45436e-10
7.42363e-10
7.39302e-10
7.36254e-10
7.33218e-10
7.30195e-10
7.27184e-10
7.24186e-10
7.212e-10
7.18226e-10
7.15265e-10
7.12316e-10
7.09379e-10
7.06454e-10
7.03541e-10
7.0064e-10
6.97751e-10
6.94874e-10
6.92009e-10
6.89156e-10
6.86314e-10
6.83485e-10
6.80667e-10
6.7786e-10
6.75065e-10
6.72282e-10
6.6951e-10
6.66749e-10
6.64e-10
6.61262e-10
6.58536e-10
6.55821e-10
6.53117e-10
6.50424e-10
6.47742e-10
6.45071e-10
6.42411e-10
6.39763e-10
6.37125e-10
6.34498e-10
6.31882e-10
6.29276e-10
6.26682e-10
6.24098e-10
6.21524e-10
6.18962e-10
6.1641e-10
6.13868e-10
6.11337e-10
6.08816e-10
6.06306e-10
6.03806e-10
6.01317e-10
5.98837e-10
5.96368e-10
5.93909e-10
5.91461e-10
5.89022e-10
5.86593e-10
5.84175e-10
5.81766e-10
5.79367e-10
5.76978e-10
5.74599e-10
5.7223e-10
5.69871e-10
5.67521e-10
5.65181e-10
5.62851e-10
5.6053e-10
5.58219e-10
5.55917e-10
5.53625e-10
5.51343e-10
5.49069e-10
5.46805e-10
5.44551e-10
5.42306e-10
5.4007e-10
5.37843e-10
5.35625e-10
5.33417e-10
5.31217e-10
5.29027e-10
5.26846e-10
5.24673e-10
5.2251e-10
5.20356e-10
5.1821e-10
5.16074e-10
5.13946e-10
5.11827e-10
5.09716e-10
5.07615e-10
5.05522e-10
5.03437e-10
5.01362e-10
4.99294e-10
4.97236e-10
4.95185e-10
4.93144e-10
4.9111e-10
4.89085e-10
4.87069e-10
4.85061e-10
4.83061e-10
4.81069e-10
4.79085e-10
4.7711e-10
4.75143e-10
4.73184e-10
4.71233e-10
4.6929e-10
4.67355e-10
4.65428e-10
4.63509e-10
4.61598e-10
4.59694e-10
4.57799e-10
4.55911e-10
4.54032e-10
4.5216e-10
4.50295e-10
4.48439e-10
4.4659e-10
4.44748e-10
4.42914e-10
4.41088e-10
4.3927e-10
4.37458e-10
4.35655e-10
4.33858e-10
4.3207e-10
4.30288e-10
4.28514e-10
4.26747e-10
4.24988e-10
4.23235e-10
4.2149e-10
4.19752e-10
4.18022e-10
4.16298e-10
4.14582e-10
4.12872e-10
4.1117e-10
4.09474e-10
4.07786e-10
4.06105e-10
4.0443e-10
4.02763e-10
4.01102e-10
3.99448e-10
3.97801e-10
3.96161e-10
3.94528e-10
3.92901e-10
3.91281e-10
3.89668e-10
3.88061e-10
3.86461e-10
3.84868e-10
3.83281e-10
3.817e-10
3.80127e-10
3.78559e-10
3.76998e-10
3.75444e-10
3.73896e-10
3.72354e-10
3.70819e-10
3.6929e-10
3.67767e-10
3.66251e-10
3.64741e-10
3.63237e-10
3.61739e-10
3.60248e-10
3.58762e-10
3.57283e-10
3.5581e-10
3.54343e-10
3.52882e-10
3.51427e-10
3.49978e-10
3.48535e-10
3.47098e-10
3.45667e-10
3.44242e-10
3.42822e-10
3.41409e-10
3.40001e-10
3.38599e-10
3.37203e-10
3.35813e-10
3.34428e-10
3.33049e-10
3.31676e-10
3.30308e-10
3.28946e-10
3.2759e-10
3.26239e-10
3.24894e-10
3.23555e-10
3.22221e-10
3.20892e-10
3.19569e-10
3.18251e-10
3.16939e-10
3.15632e-10
3.14331e-10
3.13035e-10
3.11744e-10
3.10459e-10
3.09179e-10
3.07904e-10
3.06634e-10
3.0537e-10
3.04111e-10
3.02857e-10
3.01608e-10
3.00365e-10
2.99126e-10
2.97893e-10
2.96665e-10
2.95442e-10
2.94223e-10
2.9301e-10
2.91802e-10
2.90599e-10
2.89401e-10
2.88208e-10
2.87019e-10
2.85836e-10
2.84657e-10
2.83484e-10
2.82315e-10
2.81151e-10
2.79991e-10
2.78837e-10
2.77687e-10
2.76542e-10
2.75402e-10
2.74267e-10
2.73136e-10
2.7201e-10
2.70888e-10
2.69771e-10
2.68659e-10
2.67551e-10
2.66448e-10
2.65349e-10
2.64255e-10
2.63166e-10
2.62081e-10
2.61e-10
2.59924e-10
2.58852e-10
2.57785e-10
2.56722e-10
2.55663e-10
2.54609e-10
2.5356e-10
2.52514e-10
2.51473e-10
2.50436e-10
2.49403e-10
2.48375e-10
2.47351e-10
2.46331e-10
2.45315e-10
2.44304e-10
2.43297e-10
2.42294e-10
2.41295e-10
2.403e-10
2.39309e-10
2.38322e-10
2.37339e-10
2.36361e-10
2.35386e-10
2.34416e-10
2.33449e-10
2.32487e-10
2.31528e-10
2.30574e-10
2.29623e-10
2.28676e-10
2.27733e-10
2.26794e-10
2.25859e-10
2.24928e-10
2.24e-10
2.23077e-10
2.22157e-10
2.21241e-10
2.20329e-10
2.1942e-10
2.18516e-10
2.17615e-10
2.16717e-10
2.15824e-10
2.14934e-10
2.14048e-10
2.13165e-10
2.12286e-10
2.11411e-10
2.10539e-10
2.09671e-10
2.08807e-10
2.07946e-10
2.07088e-10
2.06235e-10
2.05384e-10
2.04537e-10
2.03694e-10
2.02854e-10
2.02018e-10
2.01185e-10
2.00355e-10
1.99529e-10
1.98707e-10
1.97887e-10
1.97071e-10
1.96259e-10
1.9545e-10
1.94644e-10
1.93841e-10
1.93042e-10
1.92246e-10
1.91453e-10
1.90664e-10
1.89878e-10
1.89095e-10
1.88315e-10
1.87539e-10
1.86765e-10
1.85995e-10
1.85228e-10
1.84465e-10
1.83704e-10
1.82947e-10
1.82192e-10
1.81441e-10
1.80693e-10
1.79948e-10
1.79206e-10
1.78467e-10
1.77731e-10
1.76999e-10
1.76269e-10
1.75542e-10
1.74818e-10
1.74097e-10
1.7338e-10
1.72665e-10
1.71953e-10
1.71244e-10
1.70538e-10
1.69835e-10
1.69134e-10
1.68437e-10
1.67742e-10
1.67051e-10
1.66362e-10
1.65676e-10
1.64993e-10
1.64313e-10
1.63635e-10
1.6296e-10
1.62289e-10
1.61619e-10
1.60953e-10
1.60289e-10
1.59629e-10
1.5897e-10
1.58315e-10
1.57662e-10
1.57012e-10
1.56365e-10
1.5572e-10
1.55078e-10
1.54438e-10
1.53802e-10
1.53168e-10
1.52536e-10
1.51907e-10
1.51281e-10
1.50657e-10
1.50036e-10
1.49417e-10
1.48801e-10
1.48188e-10
1.47577e-10
1.46968e-10
1.46362e-10
1.45759e-10
1.45158e-10
1.44559e-10
1.43963e-10
1.4337e-10
1.42778e-10
1.4219e-10
1.41603e-10
1.4102e-10
1.40438e-10
1.39859e-10
1.39282e-10
1.38708e-10
1.38136e-10
1.37567e-10
1.36999e-10
1.36435e-10
1.35872e-10
1.35312e-10
1.34754e-10
1.34198e-10
1.33645e-10
1.33094e-10
1.32545e-10
1.31999e-10
1.31454e-10
1.30912e-10
1.30373e-10
1.29835e-10
1.293e-10
1.28767e-10
1.28236e-10
1.27707e-10
1.2718e-10
1.26656e-10
1.26134e-10
1.25614e-10
1.25096e-10
1.2458e-10
1.24066e-10
1.23555e-10
1.23045e-10
1.22538e-10
1.22033e-10
1.2153e-10
1.21029e-10
1.20529e-10
1.20033e-10
1.19538e-10
1.19045e-10
1.18554e-10
1.18065e-10
1.17578e-10
1.17093e-10
1.16611e-10
1.1613e-10
1.15651e-10
1.15174e-10
1.14699e-10
1.14226e-10
1.13755e-10
1.13286e-10
1.12819e-10
1.12354e-10
1.11891e-10
1.1143e-10
1.1097e-10
1.10513e-10
1.10057e-10
1.09603e-10
1.09151e-10
1.08701e-10
1.08253e-10
1.07807e-10
1.07362e-10
1.06919e-10
1.06479e-10
1.0604e-10
1.05602e-10
1.05167e-10
1.04733e-10
1.04301e-10
1.03871e-10
1.03443e-10
1.03017e-10
1.02592e-10
1.02169e-10
1.01748e-10
1.01328e-10
1.0091e-10
1.00494e-10
1.0008e-10
9.96672e-11
9.92563e-11
9.8847e-11
9.84394e-11
9.80336e-11
9.76294e-11
9.72268e-11
9.68259e-11
9.64267e-11
9.60291e-11
9.56332e-11
9.52389e-11
9.48462e-11
9.44551e-11
9.40657e-11
9.36778e-11
9.32916e-11
9.29069e-11
9.25238e-11
9.21423e-11
9.17624e-11
9.13841e-11
9.10073e-11
9.0632e-11
9.02583e-11
8.98862e-11
8.95156e-11
8.91465e-11
8.87789e-11
8.84129e-11
8.80483e-11
8.76853e-11
8.73238e-11
8.69637e-11
8.66051e-11
8.62481e-11
8.58924e-11
8.55383e-11
8.51856e-11
8.48344e-11
8.44846e-11
8.41362e-11
8.37893e-11
8.34439e-11
8.30998e-11
8.27572e-11
8.24159e-11
8.20761e-11
8.17377e-11
8.14007e-11
8.10651e-11
8.07308e-11
8.0398e-11
8.00665e-11
7.97363e-11
7.94076e-11
7.90802e-11
7.87541e-11
7.84294e-11
7.8106e-11
7.7784e-11
7.74632e-11
7.71439e-11
7.68258e-11
7.6509e-11
7.61935e-11
7.58794e-11
7.55665e-11
7.5255e-11
7.49447e-11
7.46357e-11
7.43279e-11
7.40215e-11
7.37163e-11
7.34123e-11
7.31096e-11
7.28082e-11
7.2508e-11
7.2209e-11
7.19113e-11
7.16148e-11
7.13195e-11
7.10254e-11
7.07326e-11
7.04409e-11
7.01505e-11
6.98613e-11
6.95732e-11
6.92864e-11
6.90007e-11
6.87162e-11
6.84328e-11
6.81507e-11
6.78697e-11
6.75898e-11
6.73112e-11
6.70336e-11
6.67572e-11
6.6482e-11
6.62079e-11
6.59349e-11
6.5663e-11
6.53923e-11
6.51227e-11
6.48541e-11
6.45867e-11
6.43204e-11
6.40552e-11
6.37911e-11
6.35281e-11
6.32662e-11
6.30053e-11
6.27455e-11
6.24868e-11
6.22292e-11
6.19726e-11
6.17171e-11
6.14626e-11
6.12092e-11
6.09568e-11
6.07055e-11
6.04552e-11
6.02059e-11
5.99577e-11
5.97105e-11
5.94643e-11
5.92191e-11
5.89749e-11
5.87317e-11
5.84896e-11
5.82484e-11
5.80083e-11
5.77691e-11
5.75309e-11
5.72937e-11
5.70574e-11
5.68222e-11
5.65879e-11
5.63546e-11
5.61222e-11
5.58908e-11
5.56604e-11
5.54309e-11
5.52023e-11
5.49747e-11
5.4748e-11
5.45223e-11
5.42975e-11
5.40736e-11
5.38507e-11
5.36286e-11
5.34075e-11
5.31873e-11
5.2968e-11
5.27496e-11
5.25321e-11
5.23155e-11
5.20998e-11
5.1885e-11
5.16711e-11
5.1458e-11
5.12458e-11
5.10346e-11
5.08241e-11
5.06146e-11
5.04059e-11
5.0198e-11
4.99911e-11
4.97849e-11
4.95797e-11
4.93753e-11
4.91717e-11
4.89689e-11
4.8767e-11
4.85659e-11
4.83657e-11
4.81663e-11
4.79677e-11
4.77699e-11
4.75729e-11
4.73768e-11
4.71814e-11
4.69869e-11
4.67932e-11
4.66002e-11
4.64081e-11
4.62168e-11
4.60262e-11
4.58364e-11
4.56474e-11
4.54592e-11
4.52718e-11
4.50851e-11
4.48992e-11
4.47141e-11
4.45297e-11
4.43461e-11
4.41633e-11
4.39812e-11
4.37998e-11
4.36193e-11
4.34394e-11
4.32603e-11
4.30819e-11
4.29043e-11
4.27274e-11
4.25512e-11
4.23758e-11
4.22011e-11
4.2027e-11
4.18538e-11
4.16812e-11
4.15093e-11
4.13382e-11
4.11677e-11
4.0998e-11
4.0829e-11
4.06606e-11
4.0493e-11
4.0326e-11
4.01597e-11
3.99941e-11
3.98292e-11
3.9665e-11
3.95015e-11
3.93386e-11
3.91764e-11
3.90149e-11
3.8854e-11
3.86938e-11
3.85343e-11
3.83754e-11
3.82172e-11
3.80596e-11
3.79027e-11
3.77464e-11
3.75907e-11
3.74357e-11
3.72814e-11
3.71277e-11
3.69746e-11
3.68221e-11
3.66703e-11
3.65191e-11
3.63685e-11
3.62186e-11
3.60693e-11
3.59205e-11
3.57724e-11
3.56249e-11
3.5478e-11
3.53318e-11
3.51861e-11
3.5041e-11
3.48965e-11
3.47526e-11
3.46094e-11
3.44667e-11
3.43245e-11
3.4183e-11
3.40421e-11
3.39017e-11
3.37619e-11
3.36227e-11
3.34841e-11
3.3346e-11
3.32085e-11
3.30716e-11
3.29353e-11
3.27995e-11
3.26642e-11
3.25295e-11
3.23954e-11
3.22618e-11
3.21288e-11
3.19964e-11
3.18644e-11
3.1733e-11
3.16022e-11
3.14719e-11
3.13421e-11
3.12129e-11
3.10842e-11
3.0956e-11
3.08284e-11
3.07013e-11
3.05747e-11
3.04486e-11
3.03231e-11
3.01981e-11
3.00736e-11
2.99496e-11
2.98261e-11
2.97031e-11
2.95806e-11
2.94587e-11
2.93372e-11
2.92162e-11
2.90958e-11
2.89758e-11
2.88563e-11
2.87374e-11
2.86189e-11
2.85009e-11
2.83834e-11
2.82663e-11
2.81498e-11
2.80337e-11
2.79181e-11
2.7803e-11
2.76884e-11
2.75742e-11
2.74605e-11
2.73473e-11
2.72345e-11
2.71222e-11
2.70104e-11
2.6899e-11
2.67881e-11
2.66777e-11
2.65677e-11
2.64581e-11
2.63491e-11
2.62404e-11
2.61322e-11
2.60245e-11
2.59172e-11
2.58103e-11
2.57039e-11
2.55979e-11
2.54924e-11
2.53873e-11
2.52826e-11
2.51783e-11
2.50745e-11
2.49711e-11
2.48682e-11
2.47656e-11
2.46635e-11
2.45618e-11
2.44606e-11
2.43597e-11
2.42593e-11
2.41592e-11
2.40596e-11
2.39604e-11
2.38616e-11
2.37632e-11
2.36653e-11
2.35677e-11
2.34705e-11
2.33737e-11
2.32774e-11
2.31814e-11
2.30858e-11
2.29906e-11
2.28958e-11
2.28014e-11
2.27074e-11
2.26138e-11
2.25206e-11
2.24277e-11
2.23352e-11
2.22431e-11
2.21514e-11
2.20601e-11
2.19691e-11
2.18785e-11
2.17883e-11
2.16985e-11
2.1609e-11
2.15199e-11
2.14312e-11
2.13428e-11
2.12548e-11
2.11672e-11
2.10799e-11
2.0993e-11
2.09065e-11
2.08203e-11
2.07344e-11
2.06489e-11
2.05638e-11
2.0479e-11
2.03945e-11
2.03105e-11
2.02267e-11
2.01433e-11
2.00603e-11
1.99776e-11
1.98952e-11
1.98131e-11
1.97315e-11
1.96501e-11
1.95691e-11
1.94884e-11
1.9408e-11
1.9328e-11
1.92483e-11
1.9169e-11
1.90899e-11
1.90112e-11
1.89328e-11
1.88548e-11
1.8777e-11
1.86996e-11
1.86225e-11
1.85457e-11
1.84692e-11
1.83931e-11
1.83173e-11
1.82417e-11
1.81665e-11
1.80916e-11
1.8017e-11
1.79427e-11
1.78688e-11
1.77951e-11
1.77217e-11
1.76486e-11
1.75759e-11
1.75034e-11
1.74312e-11
1.73594e-11
1.72878e-11
1.72165e-11
1.71455e-11
1.70748e-11
1.70044e-11
1.69343e-11
1.68645e-11
1.6795e-11
1.67257e-11
1.66567e-11
1.65881e-11
1.65197e-11
1.64516e-11
1.63837e-11
1.63162e-11
1.62489e-11
1.61819e-11
1.61152e-11
1.60487e-11
1.59826e-11
1.59167e-11
1.5851e-11
1.57857e-11
1.57206e-11
1.56558e-11
1.55912e-11
1.55269e-11
1.54629e-11
1.53992e-11
1.53357e-11
1.52724e-11
1.52095e-11
1.51468e-11
1.50843e-11
1.50221e-11
1.49602e-11
1.48985e-11
1.48371e-11
1.47759e-11
1.4715e-11
1.46543e-11
1.45939e-11
1.45337e-11
1.44738e-11
1.44141e-11
1.43547e-11
1.42955e-11
1.42365e-11
1.41778e-11
1.41194e-11
1.40611e-11
1.40032e-11
1.39454e-11
1.38879e-11
1.38307e-11
1.37736e-11
1.37169e-11
1.36603e-11
1.3604e-11
1.35479e-11
1.3492e-11
1.34364e-11
1.3381e-11
1.33258e-11
1.32709e-11
1.32162e-11
1.31617e-11
1.31074e-11
1.30534e-11
1.29995e-11
1.29459e-11
1.28926e-11
1.28394e-11
1.27865e-11
1.27337e-11
1.26812e-11
1.26289e-11
1.25769e-11
1.2525e-11
1.24734e-11
1.24219e-11
1.23707e-11
1.23197e-11
1.22689e-11
1.22183e-11
1.2168e-11
1.21178e-11
1.20678e-11
1.20181e-11
1.19685e-11
1.19192e-11
1.187e-11
1.18211e-11
1.17723e-11
1.17238e-11
1.16755e-11
1.16273e-11
1.15794e-11
1.15316e-11
1.14841e-11
1.14367e-11
1.13896e-11
1.13426e-11
1.12959e-11
1.12493e-11
1.12029e-11
1.11567e-11
1.11107e-11
1.10649e-11
1.10193e-11
1.09738e-11
1.09286e-11
1.08835e-11
1.08387e-11
1.0794e-11
1.07495e-11
1.07051e-11
1.0661e-11
1.0617e-11
1.05733e-11
1.05297e-11
1.04863e-11
1.0443e-11
1.04e-11
1.03571e-11
1.03144e-11
1.02719e-11
1.02295e-11
1.01873e-11
1.01453e-11
1.01035e-11
1.00618e-11
1.00203e-11
9.97902e-12
9.93788e-12
9.8969e-12
9.8561e-12
9.81546e-12
9.77499e-12
9.73468e-12
9.69455e-12
9.65457e-12
9.61477e-12
9.57512e-12
9.53564e-12
9.49633e-12
9.45717e-12
9.41818e-12
9.37935e-12
9.34067e-12
9.30216e-12
9.26381e-12
9.22561e-12
9.18757e-12
9.14969e-12
9.11196e-12
9.07439e-12
9.03698e-12
8.99972e-12
8.96261e-12
8.92565e-12
8.88885e-12
8.8522e-12
8.8157e-12
8.77935e-12
8.74316e-12
8.70711e-12
8.67121e-12
8.63545e-12
8.59985e-12
8.56439e-12
8.52908e-12
8.49391e-12
8.45889e-12
8.42401e-12
8.38928e-12
8.35469e-12
8.32024e-12
8.28593e-12
8.25177e-12
8.21775e-12
8.18386e-12
8.15012e-12
8.11651e-12
8.08305e-12
8.04972e-12
8.01653e-12
7.98348e-12
7.95056e-12
7.91778e-12
7.88513e-12
7.85262e-12
7.82024e-12
7.788e-12
7.75589e-12
7.72391e-12
7.69206e-12
7.66035e-12
7.62876e-12
7.59731e-12
7.56598e-12
7.53479e-12
7.50372e-12
7.47278e-12
7.44197e-12
7.41128e-12
7.38073e-12
7.35029e-12
7.31999e-12
7.28981e-12
7.25975e-12
7.22982e-12
7.20001e-12
7.17032e-12
7.14075e-12
7.11131e-12
7.08199e-12
7.05279e-12
7.02371e-12
6.99475e-12
6.96591e-12
6.93719e-12
6.90859e-12
6.8801e-12
6.85173e-12
6.82348e-12
6.79535e-12
6.76733e-12
6.73943e-12
6.71164e-12
6.68397e-12
6.65641e-12
6.62896e-12
6.60163e-12
6.57441e-12
6.5473e-12
6.52031e-12
6.49342e-12
6.46665e-12
6.43998e-12
6.41343e-12
6.38699e-12
6.36065e-12
6.33443e-12
6.30831e-12
6.2823e-12
6.2564e-12
6.2306e-12
6.20491e-12
6.17933e-12
6.15385e-12
6.12847e-12
6.10321e-12
6.07804e-12
6.05298e-12
6.02802e-12
6.00317e-12
5.97842e-12
5.95377e-12
5.92922e-12
5.90477e-12
5.88042e-12
5.85618e-12
5.83203e-12
5.80799e-12
5.78404e-12
5.76019e-12
5.73644e-12
5.71279e-12
5.68923e-12
5.66578e-12
5.64241e-12
5.61915e-12
5.59598e-12
5.57291e-12
5.54993e-12
5.52705e-12
5.50426e-12
5.48156e-12
5.45896e-12
5.43645e-12
5.41404e-12
5.39171e-12
5.36948e-12
5.34734e-12
5.3253e-12
5.30334e-12
5.28147e-12
5.2597e-12
5.23801e-12
5.21641e-12
5.1949e-12
5.17349e-12
5.15215e-12
5.13091e-12
5.10976e-12
5.08869e-12
5.06771e-12
5.04681e-12
5.026e-12
5.00528e-12
4.98464e-12
4.96409e-12
4.94362e-12
4.92324e-12
4.90294e-12
4.88272e-12
4.86259e-12
4.84254e-12
4.82257e-12
4.80269e-12
4.78289e-12
4.76317e-12
