#E_Beam Sqrt(s) Signal Acc N(2CL)/NPoT N(ee)/NPoT N(AA)/NPoT N(ee)/N(AA)
 205.23 14.3259 0.020385 9.1887e-07 7.60911e-07 1.57958e-07 4.81717
 206.8 14.3805 0.02147 1.01816e-06 8.5198e-07 1.66181e-07 5.12681
 208.37 14.435 0.02524 1.11236e-06 9.22429e-07 1.89935e-07 4.85656
 209.94 14.4893 0.0268 1.20834e-06 1.00459e-06 2.0375e-07 4.93052
 211.51 14.5434 0.02876 1.29267e-06 1.06676e-06 2.25915e-07 4.72194
 220 14.8324 0.04257 1.81262e-06 1.49729e-06 3.15324e-07 4.74843
 230 15.1658 0.057925 2.40569e-06 1.9923e-06 4.13395e-07 4.81935
 240 15.4919 0.0748 2.96651e-06 2.44858e-06 5.17928e-07 4.72765
 250 15.8114 0.090645 3.4985e-06 2.8743e-06 6.24203e-07 4.60475
 261.24 16.1629 0.108485 3.99216e-06 3.28803e-06 7.0413e-07 4.66964
