#E_Beam Sqrt(s) Signal Acc N(2CL)/NPoT N(ee)/NPoT N(AA)/NPoT N(ee)/N(AA)
 402.57 20.0641 0.274745 7.23276e-06 5.99981e-06 1.23295e-06 4.86622
 298.8 17.2858 0.16118 5.28581e-06 4.34199e-06 9.43816e-07 4.60046
 298 17.2627 0.158595 5.25058e-06 4.32065e-06 9.29929e-07 4.64622
 297.2 17.2395 0.15871 5.22374e-06 4.30301e-06 9.20728e-07 4.67348
 295.99 17.2044 0.156115 5.19138e-06 4.27447e-06 9.16916e-07 4.66179
 295.7 17.1959 0.1541 5.18362e-06 4.27184e-06 9.11778e-07 4.68517
 295.17 17.1805 0.155865 5.18358e-06 4.25376e-06 9.29818e-07 4.57483
 293.6 17.1348 0.152445 5.12084e-06 4.21721e-06 9.03636e-07 4.66693
 293.6 17.1348 0.152445 5.12084e-06 4.21721e-06 9.03636e-07 4.66693
 292.66 17.1073 0.15344 5.09738e-06 4.1924e-06 9.04973e-07 4.63263
 292.03 17.0889 0.150115 5.07132e-06 4.18164e-06 8.89681e-07 4.70016
 291.09 17.0614 0.15008 5.06928e-06 4.16008e-06 9.09201e-07 4.57553
 290.46 17.0429 0.14892 5.04941e-06 4.13417e-06 9.15236e-07 4.51705
 289.52 17.0153 0.14676 4.99945e-06 4.11462e-06 8.84836e-07 4.65015
 288.89 16.9968 0.146015 4.97663e-06 4.09471e-06 8.81924e-07 4.64293
 287.95 16.9691 0.146555 4.90503e-06 4.07194e-06 8.33088e-07 4.88776
 287.32 16.9505 0.14384 4.94115e-06 4.05982e-06 8.81331e-07 4.60647
 286.37 16.9225 0.14383 4.89022e-06 4.02658e-06 8.63633e-07 4.66238
 285.75 16.9041 0.14076 4.88973e-06 4.02243e-06 8.67305e-07 4.63785
 284.8 16.876 0.140455 4.84136e-06 3.98574e-06 8.55617e-07 4.65832
 284.49 16.8668 0.1401 4.84476e-06 3.99362e-06 8.5114e-07 4.69209
 283.23 16.8294 0.13849 4.79662e-06 3.95803e-06 8.38594e-07 4.71984
 282.92 16.8202 0.138275 4.78293e-06 3.93577e-06 8.47154e-07 4.64588
 281.66 16.7827 0.13677 4.74478e-06 3.89262e-06 8.52158e-07 4.56796
 281.03 16.7639 0.13535 4.72529e-06 3.88734e-06 8.37957e-07 4.63906
 280.09 16.7359 0.13467 4.69939e-06 3.86456e-06 8.34828e-07 4.62917
 279.46 16.7171 0.133315 4.65989e-06 3.83236e-06 8.27528e-07 4.6311
 278.52 16.6889 0.133465 4.63271e-06 3.81847e-06 8.14241e-07 4.68961
 277.89 16.67 0.13016 4.60596e-06 3.77815e-06 8.2781e-07 4.56403
 276.95 16.6418 0.130065 4.59365e-06 3.76178e-06 8.31867e-07 4.52209
 276.32 16.6229 0.13041 4.56857e-06 3.74392e-06 8.24647e-07 4.54003
 275.38 16.5946 0.12835 4.52378e-06 3.71955e-06 8.04232e-07 4.62496
 275.22 16.5898 0.128705 4.51608e-06 3.70876e-06 8.07317e-07 4.59393
 273.81 16.5472 0.12699 4.48488e-06 3.67821e-06 8.06675e-07 4.55972
 273.65 16.5424 0.12585 4.45712e-06 3.66762e-06 7.89493e-07 4.64554
 272.24 16.4997 0.123825 4.4226e-06 3.64266e-06 7.79939e-07 4.67045
 272.08 16.4948 0.122805 4.41187e-06 3.63843e-06 7.73443e-07 4.70419
 270.67 16.4521 0.121745 4.36064e-06 3.58165e-06 7.78993e-07 4.59779
 270.51 16.4472 0.122795 4.35761e-06 3.57635e-06 7.81259e-07 4.57767
 269.1 16.4043 0.11895 4.30793e-06 3.53457e-06 7.73355e-07 4.57044
 268.94 16.3994 0.119305 4.28076e-06 3.51923e-06 7.61531e-07 4.62125
 267.53 16.3563 0.11622 4.25308e-06 3.50014e-06 7.52941e-07 4.64862
 267.37 16.3515 0.11696 4.23506e-06 3.47532e-06 7.59743e-07 4.57434
 265.96 16.3083 0.115785 4.1665e-06 3.42346e-06 7.4304e-07 4.60737
 265.96 16.3083 0.115785 4.1665e-06 3.42346e-06 7.4304e-07 4.60737
 264.38 16.2598 0.11365 4.10941e-06 3.3712e-06 7.38212e-07 4.5667
 262.81 16.2114 0.109655 4.05883e-06 3.32225e-06 7.3658e-07 4.51037
 261.24 16.1629 0.108485 3.99216e-06 3.28803e-06 7.0413e-07 4.66964
 211.51 14.5434 0.02876 1.29267e-06 1.06676e-06 2.25915e-07 4.72194
 209.94 14.4893 0.0268 1.20834e-06 1.00459e-06 2.0375e-07 4.93052
 208.37 14.435 0.02524 1.11236e-06 9.22429e-07 1.89935e-07 4.85656
 206.8 14.3805 0.02147 1.01816e-06 8.5198e-07 1.66181e-07 5.12681
 205.23 14.3259 0.020385 9.1887e-07 7.60911e-07 1.57958e-07 4.81717
