0 12 17 30 275.339
0 13 18 11 310.599
0 14 18 23 264.304
0 15 19 3 261.758
0 16 19 15 286.818
1 9 16 21 228.078
1 10 17 3 268.16
1 11 17 17 237.219
1 12 17 31 225.241
1 13 18 12 263.896
1 14 18 24 274.533
1 15 19 4 265.464
1 16 19 16 272.582
1 17 19 27 253.899
1 18 20 10 235.697
1 19 20 23 324.001
2 7 15 28 236.89
2 8 16 8 248.567
2 9 16 22 290.644
2 10 17 4 236.94
2 11 17 18 259.737
2 12 18 1 275.121
2 13 18 13 269.252
2 14 18 25 232.218
2 15 19 5 234.203
2 16 19 17 253.557
2 17 19 28 324.42
2 18 20 11 224.937
2 19 20 24 245.215
2 20 21 6 256.777
2 21 21 18 274.566
3 5 15 5 269.298
3 6 15 16 264.461
3 7 15 29 243.031
3 8 16 9 244.52
3 9 16 23 233.937
3 10 17 5 246.966
3 11 17 19 215.554
3 12 18 2 343.172
3 13 18 14 244.314
3 14 18 26 212.728
3 15 19 6 312.122
3 16 19 18 291.26
3 17 19 29 263.63
3 18 20 12 243.134
3 19 20 25 282.545
3 20 21 7 275.097
3 21 21 19 298.222
3 22 22 0 287.188
3 23 22 11 227.955
4 4 14 25 241.41
4 5 15 6 359.462
4 6 15 17 241.241
4 7 15 30 224.29
4 8 16 10 219.542
4 9 16 24 222.187
4 10 17 6 219.3
4 11 17 20 247.32
4 12 18 3 238.977
4 13 18 15 235.834
4 14 18 27 241.268
4 15 19 7 248.879
4 16 19 19 307.423
4 17 19 30 258.055
4 18 20 13 254.594
4 19 20 26 277.559
4 20 21 8 294.48
4 21 21 20 322.635
4 22 22 1 233.004
4 23 22 12 268.004
4 24 22 23 191.426
5 3 14 16 262.729
5 4 14 26 271.793
5 5 15 7 313.063
5 6 15 18 226.29
5 7 15 31 268.423
5 8 16 11 217.131
5 9 16 25 335.037
5 10 17 7 263.26
5 11 17 21 260.424
5 12 18 4 253.503
5 13 18 16 281.851
5 14 18 28 240.989
5 15 19 8 224.757
5 16 19 20 274.683
5 17 19 31 357.723
5 18 20 14 249.548
5 19 20 27 232.977
5 20 21 9 244.977
5 21 21 21 288.903
5 22 22 2 420.729
5 23 22 13 297.473
5 24 22 24 342.273
5 25 23 1 355.545
6 3 14 17 283.894
6 4 14 27 218.801
6 5 15 8 261.72
6 6 15 19 209.907
6 7 16 0 235.933
6 8 16 12 230.269
6 9 16 26 214.165
6 10 17 8 243.898
6 11 17 22 208.7
6 12 18 5 244.753
6 13 18 17 262.322
6 14 18 29 211.042
6 15 19 9 261.964
6 16 19 21 253.148
6 17 20 1 263.333
6 18 20 15 240.834
6 19 20 28 319.906
6 20 21 10 263.12
6 21 21 22 237.348
6 22 22 3 283.756
6 23 22 14 231.673
6 24 22 25 256.497
6 25 23 2 246.036
7 2 14 8 249.463
7 3 14 18 285.461
7 4 14 28 269.558
7 5 15 9 223.536
7 6 15 20 252.35
7 7 16 1 257.485
7 8 16 13 270.904
7 9 16 27 211.474
7 10 17 9 263.911
7 11 17 23 317.207
7 12 18 6 259.739
7 13 18 18 258.212
7 14 18 30 272.657
7 15 19 10 235.987
7 16 19 22 248.228
7 17 20 2 292.564
7 18 20 16 233.689
7 19 20 29 292.529
7 20 21 11 301.81
7 21 21 23 282.64
7 22 22 4 361.219
7 23 22 15 248.685
7 24 22 26 268.891
7 25 23 3 239.806
7 26 23 11 240.691
8 2 14 9 209.41
8 3 14 19 264.442
8 4 14 29 258.063
8 5 15 10 268.144
8 6 15 21 231.194
8 7 16 2 215.171
8 8 16 14 287.293
8 9 16 28 224.61
8 10 17 10 259.586
8 11 17 24 245.471
8 12 18 7 251.286
8 13 18 19 252.923
8 14 18 31 266.447
8 15 19 11 198.791
8 16 19 23 230.48
8 17 20 3 280.611
8 18 20 17 292.058
8 19 20 30 242.932
8 20 21 12 249.333
8 21 21 24 306.503
8 22 22 5 209.078
8 23 22 16 224.387
8 24 22 27 261.978
8 25 23 4 213.192
8 26 23 12 226.104
9 1 14 3 462.526
9 2 14 10 261.564
9 3 14 20 263.627
9 4 14 30 232.956
9 5 15 11 223.129
9 6 15 22 226.321
9 7 16 3 300.599
9 8 16 15 311.864
9 9 16 29 264.57
9 10 17 11 213.904
9 11 17 25 419.272
9 12 18 8 266.11
9 13 18 20 261.348
9 14 19 0 221.72
9 15 19 12 292.417
9 16 19 24 239.846
9 17 20 4 187.673
9 18 20 18 286.895
9 19 20 31 226.75
9 20 21 13 234.606
9 21 21 25 278.56
9 22 22 7 255.294
9 23 22 17 204.094
9 24 22 28 221.123
9 25 23 5 300.312
9 26 23 13 304.13
9 27 23 18 281.647
10 1 14 4 309.187
10 2 14 11 246.245
10 3 14 21 270.363
10 4 15 0 260.727
10 5 15 12 238.271
10 6 15 23 228.661
10 7 16 4 253.128
10 8 16 16 240.811
10 9 16 30 293.251
10 10 17 12 264.841
10 11 17 26 276.123
10 12 18 9 255.41
10 13 18 21 266.753
10 14 19 1 275.069
10 15 19 13 307.674
10 16 19 25 248.585
10 17 20 5 264.815
10 18 20 19 311.082
10 19 21 1 221.194
10 20 21 14 265.031
10 21 21 26 285.905
10 22 22 6 110.78
10 23 22 18 329.822
10 24 22 29 256.641
10 25 23 6 225.531
10 26 23 14 266.963
10 27 23 19 395.312
11 1 14 5 522.383
11 2 14 12 375.229
11 3 14 22 272.566
11 4 15 1 283.297
11 5 15 13 278.274
11 6 15 24 269.149
11 7 16 5 260.575
11 8 16 17 223.959
11 9 16 31 278.176
11 10 17 13 271.52
11 11 17 27 230.267
11 12 18 10 278.15
11 13 18 22 267.213
11 14 19 2 221.978
11 15 19 14 232.108
11 16 19 26 225.7
11 17 20 6 260.416
11 18 20 20 260.886
11 19 21 2 229.971
11 20 21 15 315.807
11 21 21 27 257.709
11 22 22 8 249.124
11 23 22 19 219.441
11 24 22 30 228.643
11 25 23 7 287.078
11 26 23 15 302.05
11 27 23 20 402.874
12 0 14 0 223.872
12 1 14 6 406.813
12 2 14 13 267.571
12 3 14 23 259.759
12 4 15 2 281.522
12 5 15 14 278.669
12 6 15 25 263.295
12 7 16 6 203.387
12 8 16 18 268.578
12 9 17 1 180.994
12 10 17 14 220.571
12 11 17 28 255.675
12 17 20 7 267.668
12 18 20 21 235.437
12 19 21 3 235.462
12 20 21 16 217.89
12 21 21 28 249.006
12 22 22 9 252.4
12 23 22 20 267.949
12 24 22 31 256.285
12 25 23 8 231.828
12 26 23 16 301.639
12 27 23 21 250.867
12 28 23 24 260.641
13 0 14 1 242.252
13 1 14 7 459.409
13 2 14 14 253.956
13 3 14 24 247.378
13 4 15 3 203.615
13 5 15 15 326.212
13 6 15 26 261.468
13 7 16 7 238.803
13 8 16 19 236.563
13 9 17 2 275.481
13 10 17 15 314.159
13 11 17 29 238.253
13 17 20 8 323.892
13 18 20 22 244.817
13 19 21 4 261.406
13 20 21 17 256.763
13 21 21 29 256.428
13 22 22 10 236.628
13 23 22 21 257.33
13 24 23 0 215.381
13 25 23 9 254.982
13 26 23 17 260.301
13 27 23 22 289.28
13 28 23 25 233.585
14 0 14 2 346.251
14 1 0 2 627.919
14 2 14 15 237.409
14 3 0 15 299.761
14 4 15 4 287.875
14 5 1 4 234.216
14 6 15 27 275.185
14 7 1 27 258.393
14 8 16 20 263.302
14 9 2 20 242.124
14 10 17 16 251.554
14 11 3 16 219.72
14 17 20 9 199.292
14 18 6 9 249.018
14 19 21 5 313.258
14 20 7 5 279.752
14 21 21 30 305.594
14 22 7 30 253.102
14 23 22 22 216.893
14 24 8 22 258.332
14 25 23 10 277.616
14 26 9 10 222.615
14 27 23 23 243.491
14 28 9 23 217.013
15 0 0 0 337.71
15 1 0 3 399.439
15 2 0 8 430.622
15 3 0 16 281.592
15 4 0 25 229.631
15 5 1 5 317.832
15 6 1 16 211.834
15 7 1 28 244.263
15 8 2 8 194.302
15 9 2 21 235.909
15 10 3 3 242.587
15 11 3 17 208.526
15 17 5 27 268.202
15 18 6 10 245.769
15 19 6 23 261.578
15 20 7 6 201.47
15 21 7 18 220.863
15 22 8 0 261.83
15 23 8 11 282.642
15 24 8 23 230.686
15 25 9 1 244.955
15 26 9 11 264.037
15 27 9 18 316.92
15 28 9 24 299.137
16 0 0 1 241.034
16 1 0 4 290.673
16 2 0 9 289.273
16 3 0 17 234.305
16 4 0 26 248.61
16 5 1 6 261.736
16 6 1 17 291.681
16 7 1 29 209.964
16 8 2 9 271.553
16 9 2 22 226.955
16 10 3 4 274.074
16 11 3 18 224.996
16 17 5 28 254.463
16 18 6 11 219.649
16 19 6 24 243.395
16 20 7 7 244.275
16 21 7 19 260.435
16 22 8 1 254.717
16 23 8 12 264.697
16 24 8 24 276.676
16 26 9 12 300.233
16 27 9 19 264.258
16 28 9 25 239.117
17 1 0 5 478.069
17 2 0 10 241.606
17 3 0 18 320.428
17 4 0 27 257.533
17 5 1 7 223.667
17 6 1 18 226.556
17 7 1 30 273.479
17 8 2 10 353.418
17 9 2 23 192.285
17 10 3 5 252.13
17 11 3 19 233.26
17 12 3 30 228.882
17 13 4 11 258.492
17 14 4 23 210.382
17 15 5 3 251.511
17 16 5 15 288.982
17 17 5 29 189.561
17 18 6 12 227.05
17 19 6 25 246.225
17 20 7 8 217.184
17 21 7 20 263.968
17 22 8 2 249.138
17 23 8 13 232.891
17 24 8 25 238.611
17 25 9 3 229.349
17 26 9 13 334.463
17 27 9 20 117.009
18 1 0 6 223.023
18 2 0 11 284.834
18 3 0 19 253.923
18 5 1 8 272.521
18 6 1 19 220.446
18 7 1 31 233.856
18 8 2 11 266.72
18 9 2 24 215.112
18 11 3 20 217.683
18 12 3 31 297.432
18 13 4 12 233.177
18 14 4 24 251.198
18 15 5 4 229.495
18 16 5 16 246.678
18 17 5 30 240.272
18 18 6 13 215.543
18 19 6 26 446.011
18 20 7 9 299.808
18 21 7 21 226.95
18 22 8 3 266.565
18 23 8 14 233.504
18 24 8 26 225.045
18 25 9 4 239.949
18 26 9 14 274.543
18 27 9 21 338.542
19 1 0 7 251.856
19 2 0 12 248.591
19 3 0 20 310.663
19 4 0 29 247.711
19 5 1 9 230.022
19 6 1 20 236.303
19 7 2 0 234.757
19 8 2 12 226.299
19 9 2 25 276.16
19 10 3 7 193.295
19 11 3 21 255.299
19 12 4 1 192.825
19 13 4 13 282.123
19 14 4 25 239.61
19 15 5 5 220.189
19 16 5 17 231.406
19 17 5 31 256.734
19 18 6 14 237.444
19 19 6 27 204.587
19 20 7 10 237.328
19 21 7 22 253.453
19 22 8 4 263.005
19 23 8 15 220.743
19 24 8 27 266.494
19 25 9 5 254.08
19 26 9 15 397.26
19 27 9 22 407.035
20 2 0 13 239.474
20 3 0 21 303.894
20 4 0 30 267.361
20 5 1 10 243.664
20 6 1 21 261.694
20 7 2 1 321.037
20 8 2 13 245.819
20 9 2 26 235.216
20 10 3 8 260.108
20 11 3 22 268.937
20 12 4 2 223.643
20 13 4 14 267.112
20 14 4 26 205.017
20 15 5 6 235.62
20 16 5 18 224.865
20 17 6 1 272.14
20 18 6 15 302.509
20 19 6 28 251.156
20 20 7 11 276.791
20 21 7 23 258.834
20 22 8 5 313.054
20 23 8 16 286.657
20 24 8 28 247.128
20 25 9 6 208.663
20 26 9 16 273.082
21 2 0 14 288.477
21 3 0 22 322.065
21 4 1 0 227.23
21 5 1 11 258.974
21 6 1 22 265.657
21 7 2 2 233.663
21 8 2 14 279.59
21 9 2 27 220.922
21 10 3 9 246.564
21 11 3 23 234.965
21 12 4 3 255.985
21 13 4 15 250.767
21 14 4 27 268.743
21 15 5 7 232.871
21 16 5 19 335.053
21 17 6 2 213.502
21 18 6 16 211.228
21 19 6 29 261.888
21 20 7 12 227.043
21 21 7 24 226.891
21 22 8 6 185.912
21 23 8 17 238.362
21 24 8 29 258.85
21 25 9 7 379.125
21 26 9 17 269.867
22 3 0 23 242.605
22 4 1 1 266.509
22 5 1 12 239.851
22 6 1 23 216.556
22 7 2 3 228.197
22 9 2 28 239.252
22 10 3 10 254.98
22 11 3 24 236.022
22 12 4 4 233.922
22 13 4 16 261.247
22 14 4 28 218.382
22 15 5 8 248.213
22 16 5 20 233.54
22 17 6 3 234.32
22 18 6 17 258.603
22 19 6 30 205.852
22 20 7 13 249.204
22 21 7 25 196.146
22 22 8 7 270.566
22 23 8 18 222.963
22 24 8 30 265.202
22 25 9 8 259.689
23 3 0 24 323.905
23 4 1 2 263.454
23 5 1 13 330.981
23 6 1 24 257.857
23 7 2 4 275.033
23 8 2 16 287.364
23 9 2 29 257.967
23 10 3 11 244.574
23 11 3 25 236.512
23 12 4 5 272.59
23 13 4 17 265.678
23 14 4 29 230.376
23 15 5 9 238.978
23 16 5 21 243.567
23 17 6 4 220.416
23 18 6 18 239.417
23 19 6 31 252.694
23 20 7 14 239.783
23 21 7 26 252.137
23 22 8 8 303.326
23 23 8 19 230.581
23 24 8 31 256.412
23 25 9 9 305.587
24 4 1 3 279.631
24 5 1 14 348.922
24 6 1 25 247.803
24 7 2 5 222.429
24 8 2 17 192.521
24 9 2 30 238.459
24 10 3 12 219.809
24 11 3 26 239.126
24 12 4 6 295.922
24 13 4 18 244.248
24 14 4 30 278.815
24 15 5 10 298.638
24 16 5 22 251.161
24 17 6 5 297.979
24 18 6 19 357.926
24 19 7 1 268.506
24 20 7 17 226.95
24 21 7 27 262.443
24 22 8 9 280.83
24 23 8 20 258.697
24 24 9 0 220.933
25 5 1 15 197.372
25 6 1 26 269.9
25 7 2 6 238.983
25 8 2 18 303.204
25 9 2 31 247.624
25 10 3 13 261.814
25 11 3 27 285.723
25 12 4 7 250.76
25 13 4 19 229.937
25 14 4 31 263.28
25 15 5 11 218.74
25 16 5 23 201.036
25 17 6 6 369.304
25 18 6 20 263.885
25 19 7 2 242.538
25 20 7 16 255.53
25 21 7 28 251.321
25 22 8 10 279.896
25 23 8 21 259.784
26 7 2 7 385.86
26 8 2 19 251.904
26 9 3 1 242.919
26 10 3 14 252.74
26 11 3 28 237.352
26 12 4 8 321.674
26 13 4 20 258.447
26 14 5 0 206.624
26 15 5 12 244.285
26 16 5 24 227.919
26 17 6 7 272.694
26 18 6 21 243.008
26 19 7 3 301.358
26 20 7 15 252.933
26 21 7 29 330.858
27 9 3 2 336.476
27 10 3 15 289.674
27 11 3 29 274.865
27 12 4 9 274.7
27 13 4 21 320.348
27 14 5 1 387.941
27 15 5 13 259.873
27 16 5 25 222.266
27 17 6 8 256.43
27 18 6 22 280.058
27 19 7 4 259.026
28 12 4 10 284.725
28 13 4 22 260.533
28 14 5 2 266.915
28 15 5 14 260.156
28 16 5 26 302.477
