0  32.68526
1  32.99957
2  33.13305
3  33.44297
4  33.54778
5  33.39048
6  33.40842
7  33.05543
8  33.902871
9  33.64613
10 33.879787
11 34.3866
12 33.71684
13 33.988206
14 34.610246
15 33.887805
16 33.64772
17 33.996359
18 33.29604
19 33.12717
20 33.35059
21 33.58893
22 33.2926
23 34.258398
24 34.458634
25 34.324865
26 34.286275
27 32.8706
28 33.73651
29 34.050232
30 33.930591
31 33.937067
32 33.976157
33 34.43833
34 33.80224
35 33.69613
36 34.312321
37 34.735373
38 34.019128
39 34.037902
40 35.383783
41 34.608551
42 34.261446
43 34.544233
44 34.401259
45 34.770485
46 34.471679
47 34.056268
48 31.38553
49 32.85487
50 31.99204
51 31.70126
52 0.
53 0.
54 0.
55 0.
56 33.51347
57 33.3109
58 33.48743
59 33.5209
60 33.21454
61 33.16053
62 32.37456
63 32.91902
64 33.28232
65 32.10788
66 32.68745
67 31.83878
68 32.982
69 32.79232
70 32.53652
71 32.63069
72 33.44416
73 33.59372
74 33.35223
75 33.28051
76 33.75349
77 36.09932
78 34.90298
79 36.88737
80 36.88737
81 36.88737
82 36.88737
83 36.88737
84 36.88737
85 36.88737
86 36.88737
87 36.88737
88 36.88737
89 36.88737
