0   1.14579
1   1.13981
2   1.1624 
3   1.0199 
4   1.03848
5   1.31815
6   1.59532
7   1.26717
8   1.17466
9   1.59172
10  1.41543
11  1.59211
12  1.24053
13  1.59605
14  1.41128
15  1.66592
16  1.66667
17  1.59268
18  0.96846
19  0.91322
20  1.19737
21  1.14329
22  1.63259
23  1.00445
24  0.90624
25  1.10906
26  0.91059
27  0.93724
28  0.90817
29  0.93045
30  0.89896
31  0.85472
32  0.88767
33  0.81644
34  0.89362
35  1.12612
36  1.06171
37  1.05226
38  0.96181
39  0.85464
40  1.04747
41  1.0973 
42  0.89821
43  1.08689
44  1.12929
45  1.08844
46  1.18264
47  0.97470
48  0.93674
49  0.89279
50  0.90297
51  1.18523
52  0.
53  0.
54  0.
55  0.
56  0.97388
57  0.99454
58  1.28083
59  0.97737
60  1.32175
61  1.16763
62  1.00344
63  0.74402
64  1.47513
65  0.95403
66  0.77118
67  1.05539
68  1.09955
69  0.83747
70  1.08944
71  0.82901
72  0.89827
73  0.88572
74  1.01983
75  0.90988
76  1.06069
77  0.74599
78  0.92206
79  0.86904
80  0.93643
81  1.04356
82  0.95417
83  1.02682
84  0.89841
85  0.94074
86  0.92174
87  1.08519
88  0.72828
89  0.28580
