0  34.88075
1  34.93978
2  34.99951
3  34.75944
4  34.57269
5  34.62936
6  35.15056
7  35.15736
8  35.15179
9  35.20023
10 35.82397
11 35.84465
12 35.5056
13 35.41451
14 35.63146
15 35.76876
16 35.4938
17 35.49548
18 35.78941
19 35.66148
20 35.75385
21 35.63868
22 35.59721
23 36.0941
24 36.09453
25 35.83302
26 36.00334
27 36.288555
28 36.12938
29 36.300537
30 36.259049
31 36.265355
32 36.16212
33 36.07859
34 36.573554
35 36.337173
36 35.64902
37 36.275196
38 36.514347
39 36.633227
40 36.373408
41 36.21396
42 36.650803
43 36.73132
44 36.47223
45 36.489497
46 37.07083
47 37.2519137
48 33.52236
49 33.63773
50 34.21621
51 33.94506
52 33.71123
53 33.90817
54 34.01775
55 34.17297
56 33.93253
57 34.0749
58 34.56466
59 34.32141
60 34.18768
61 34.31616
62 34.53916
63 34.62014
64 34.10176
65 34.281
66 34.75028
67 34.60962
68 34.34908
69 34.54869
70 34.52369
71 34.9841
72 34.87054
73 34.58093
74 34.46378
75 34.53724
76 34.24665
77 34.32507
78 34.56528
79 34.51116
80 33.85721
81 34.01942
82 34.49933
83 34.05642
84 34.26762
85 33.93316
86 33.97162
87 33.86943
88 33.37378
89 32.87447
