0   1.20007
1   1.20517
2   1.34357
3   1.30759
4   1.26678
5   2.31421
6   1.1933 
7   1.42206
8   1.36612
9   1.36997
10  1.52649
11  1.36823
12  1.43113
13  1.36435
14  1.43819
15  1.30947
16  1.05575
17  1.04161
18  0.95391
19  0.90890
20  0.95665
21  0.91797
22  0.91898
23  0.88463
24  0.86368
25  0.87166
26  1.13524
27  0.89272
28  1.07496
29  1.17894
30  0.91751
31  0.80332
32  1.17808
33  0.82741
34  0.92725
35  0.91137
36  0.87394
37  1.00689
38  1.08942
39  1.08354
40  1.06285
41  1.03217
42  0.90686
43  0.87261
44  1.05954
45  0.99362
46  1.18334
47  1.14441
48  1.0729 
49  1.03824
50  1.21671
51  0.84024
52  0.91855
53  1.10666
54  1.03583
55  0.82296
56  0.91125
57  0.96735
58  1.75645
59  1.00093
60  1.39221
61  0.85481
62  1.08227
63  0.96390
64  1.01518
65  0.99412
66  1.07244
67  0.96944
68  1.03648
69  1.03518
70  1.14892
71  1.16687
72  1.01364
73  0.91313
74  1.04913
75  0.92306
76  0.96247
77  0.81604
78  0.93498
79  1.44282
80  1.13769
81  1.50241
82  1.22141
83  1.19654
84  1.19121
85  2.05119
86  1.38753
87  1.16416
88  1.14429
89  1.10903
