###g_Ve^2 X17 10e11 PoT
15.6614  3.8637e+84
15.664  7.57477e+83
15.6666  1.49476e+83
15.6692  2.969e+82
15.6719  5.93587e+81
15.6745  1.19452e+81
15.6771  2.41959e+80
15.6797  4.93316e+79
15.6823  1.01238e+79
15.6849  2.09122e+78
15.6875  4.34802e+77
15.6901  9.09954e+76
15.6927  1.91683e+76
15.6953  4.06428e+75
15.6979  8.67403e+74
15.7005  1.86335e+74
15.7031  4.02905e+73
15.7057  8.76895e+72
15.7083  1.92101e+72
15.7109  4.23591e+71
15.7135  9.40158e+70
15.7161  2.10035e+70
15.7187  4.72299e+69
15.7213  1.069e+69
15.7239  2.43544e+68
15.7265  5.58487e+67
15.7291  1.28909e+67
15.7317  2.99496e+66
15.7343  7.00382e+65
15.7369  1.6486e+65
15.7395  3.90599e+64
15.7421  9.315e+63
15.7447  2.236e+63
15.7473  5.40251e+62
15.7499  1.31388e+62
15.7525  3.21628e+61
15.7551  7.92477e+60
15.7577  1.96542e+60
15.7603  4.90639e+59
15.7629  1.23283e+59
15.7655  3.11804e+58
15.7681  7.93772e+57
15.7707  2.03398e+57
15.7733  5.24606e+56
15.7758  1.36193e+56
15.7784  3.55889e+55
15.781  9.36074e+54
15.7836  2.47823e+54
15.7862  6.60404e+53
15.7888  1.77139e+53
15.7914  4.78248e+52
15.794  1.29966e+52
15.7966  3.55502e+51
15.7992  9.78794e+50
15.8017  2.71254e+50
15.8043  7.56654e+49
15.8069  2.12449e+49
15.8095  6.00411e+48
15.8121  1.70796e+48
15.8147  4.8904e+47
15.8173  1.40944e+47
15.8198  4.0887e+46
15.8224  1.19388e+46
15.825  3.50889e+45
15.8276  1.03805e+45
15.8302  3.09101e+44
15.8328  9.26446e+43
15.8353  2.79496e+43
15.8379  8.48726e+42
15.8405  2.59415e+42
15.8431  7.98105e+41
15.8457  2.4715e+41
15.8482  7.70366e+40
15.8508  2.41696e+40
15.8534  7.63272e+39
15.856  2.42619e+39
15.8586  7.76258e+38
15.8611  2.49991e+38
15.8637  8.1036e+37
15.8663  2.64404e+37
15.8689  8.68349e+36
15.8714  2.8705e+36
15.874  9.55115e+35
15.8766  3.19883e+35
15.8792  1.07836e+35
15.8817  3.65906e+34
15.8843  1.24972e+34
15.8869  4.29628e+33
15.8895  1.48665e+33
15.892  5.17799e+32
15.8946  1.81531e+32
15.8972  6.40582e+31
15.8997  2.27528e+31
15.9023  8.13453e+30
15.9049  2.92729e+30
15.9075  1.06032e+30
15.91  3.86581e+29
15.9126  1.41868e+29
15.9152  5.24036e+28
15.9177  1.94839e+28
15.9203  7.29165e+27
15.9229  2.74671e+27
15.9254  1.04144e+27
15.928  3.97461e+26
15.9306  1.52683e+26
15.9331  5.90367e+25
15.9357  2.29768e+25
15.9383  9.00106e+24
15.9408  3.54923e+24
15.9434  1.40867e+24
15.946  5.6276e+23
15.9485  2.26293e+23
15.9511  9.15919e+22
15.9536  3.73146e+22
15.9562  1.53016e+22
15.9588  6.31582e+21
15.9613  2.62397e+21
15.9639  1.0973e+21
15.9665  4.61879e+20
15.969  1.95689e+20
15.9716  8.34529e+19
15.9741  3.58222e+19
15.9767  1.54774e+19
15.9793  6.73105e+18
15.9818  2.94647e+18
15.9844  1.29825e+18
15.9869  5.75771e+17
15.9895  2.57027e+17
15.992  1.1549e+17
15.9946  5.22328e+16
15.9971  2.37783e+16
15.9997  1.08957e+16
16.0023  5.02531e+15
16.0048  2.33296e+15
16.0074  1.09016e+15
16.0099  5.12752e+14
16.0125  2.42751e+14
16.015  1.15678e+14
16.0176  5.54854e+13
16.0201  2.6788e+13
16.0227  1.30179e+13
16.0252  6.36759e+12
16.0278  3.13506e+12
16.0303  1.55365e+12
16.0329  7.74993e+11
16.0354  3.89115e+11
16.038  1.9665e+11
16.0405  1.00034e+11
16.0431  5.12194e+10
16.0456  2.63973e+10
16.0482  1.36937e+10
16.0507  7.1502e+09
16.0533  3.75795e+09
16.0558  1.98802e+09
16.0584  1.05859e+09
16.0609  5.67373e+08
16.0635  3.06089e+08
16.066  1.66212e+08
16.0685  9.08474e+07
16.0711  4.99803e+07
16.0736  2.76772e+07
16.0762  1.5427e+07
16.0787  8.6552e+06
16.0813  4.88775e+06
16.0838  2.77828e+06
16.0863  1.58957e+06
16.0889  915422
16.0914  530637
16.094  309607
16.0965  181827
16.099  107484
16.1016  63953.8
16.1041  38302.2
16.1067  23089.7
16.1092  14010.3
16.1117  8556.85
16.1143  5260.37
16.1168  3255.03
16.1193  2027.35
16.1219  1270.99
16.1244  802.025
16.127  509.415
16.1295  325.68
16.132  209.579
16.1346  135.75
16.1371  88.505
16.1396  58.0807
16.1422  38.3648
16.1447  25.5076
16.1472  17.0704
16.1497  11.4988
16.1523  7.79647
16.1548  5.32083
16.1573  3.65509
16.1599  2.52727
16.1624  1.7589
16.1649  1.23217
16.1675  0.868824
16.17  0.616639
16.1725  0.44052
16.175  0.316765
16.1776  0.229269
16.1801  0.167028
16.1826  0.122481
16.1851  0.0904035
16.1877  0.0671642
16.1902  0.0502258
16.1927  0.0378052
16.1952  0.0286426
16.1978  0.0218429
16.2003  0.0167665
16.2028  0.0129543
16.2053  0.0100744
16.2079  0.00788608
16.2104  0.00621355
16.2129  0.00492781
16.2154  0.00393373
16.218  0.00316076
16.2205  0.00255632
16.223  0.00208101
16.2255  0.00170518
16.228  0.00140638
16.2305  0.00116753
16.2331  0.000975605
16.2356  0.000820567
16.2381  0.000694689
16.2406  0.000591975
16.2431  0.000507752
16.2457  0.000438365
16.2482  0.00038094
16.2507  0.000333206
16.2532  0.000293363
16.2557  0.000259975
16.2582  0.000231897
16.2607  0.000208205
16.2633  0.000188158
16.2658  0.000171154
16.2683  0.000156705
16.2708  0.000144414
16.2733  0.000133957
16.2758  0.000125068
16.2783  0.00011753
16.2808  0.000111165
16.2834  0.000105826
16.2859  0.000101394
16.2884  9.77719e-05
16.2909  9.48802e-05
16.2934  9.26547e-05
16.2959  9.10436e-05
16.2984  9.00049e-05
16.3009  8.95038e-05
16.3034  8.95101e-05
16.3059  8.99949e-05
16.3084  9.09264e-05
16.3109  9.22654e-05
16.3135  9.39589e-05
16.316  9.59334e-05
16.3185  9.80887e-05
16.321  0.000100293
16.3235  0.000102385
16.326  0.000104183
16.3285  0.000105507
16.331  0.000106212
16.3335  0.000106212
16.336  0.000105507
16.3385  0.000104183
16.341  0.000102385
16.3435  0.000100293
16.346  9.80887e-05
16.3485  9.59334e-05
16.351  9.39589e-05
16.3535  9.22654e-05
16.356  9.09264e-05
16.3585  8.99949e-05
16.361  8.95101e-05
16.3635  8.95038e-05
16.366  8.95101e-05
16.3685  8.99949e-05
16.371  9.09264e-05
16.3735  9.22654e-05
16.376  9.39589e-05
16.3785  9.59334e-05
16.381  9.80887e-05
16.3835  0.000100293
16.386  0.000102385
16.3885  0.000104183
16.391  0.000105507
16.3934  0.000106212
16.3959  0.000106212
16.3984  0.000105507
16.4009  0.000104183
16.4034  0.000102385
16.4059  0.000100293
16.4084  9.80887e-05
16.4109  9.59334e-05
16.4134  9.39589e-05
16.4159  9.22654e-05
16.4184  9.09264e-05
16.4209  8.99949e-05
16.4233  8.95101e-05
16.4258  8.95038e-05
16.4283  8.95101e-05
16.4308  8.99949e-05
16.4333  9.09264e-05
16.4358  9.22654e-05
16.4383  9.39589e-05
16.4408  9.59334e-05
16.4432  9.80887e-05
16.4457  0.000100293
16.4482  0.000102385
16.4507  0.000104183
16.4532  0.000105507
16.4557  0.000106212
16.4582  0.000106212
16.4606  0.000105507
16.4631  0.000104183
16.4656  0.000102385
16.4681  0.000100293
16.4706  9.80887e-05
16.4731  9.59334e-05
16.4755  9.39589e-05
16.478  9.22654e-05
16.4805  9.09264e-05
16.483  8.99949e-05
16.4855  8.95101e-05
16.4879  8.95038e-05
16.4904  8.95101e-05
16.4929  8.99949e-05
16.4954  9.09264e-05
16.4978  9.22654e-05
16.5003  9.39589e-05
16.5028  9.59334e-05
16.5053  9.80887e-05
16.5078  0.000100293
16.5102  0.000102385
16.5127  0.000104183
16.5152  0.000105507
16.5177  0.000106212
16.5201  0.000106212
16.5226  0.000105507
16.5251  0.000104183
16.5276  0.000102385
16.53  0.000100293
16.5325  9.80887e-05
16.535  9.59334e-05
16.5374  9.39589e-05
16.5399  9.22654e-05
16.5424  9.09264e-05
16.5449  8.99949e-05
16.5473  8.95101e-05
16.5498  8.95038e-05
16.5523  8.95101e-05
16.5547  8.99949e-05
16.5572  9.09264e-05
16.5597  9.22654e-05
16.5621  9.39589e-05
16.5646  9.59334e-05
16.5671  9.80887e-05
16.5696  0.000100293
16.572  0.000102385
16.5745  0.000104183
16.577  0.000105507
16.5794  0.000106212
16.5819  0.000106212
16.5843  0.000105507
16.5868  0.000104183
16.5893  0.000102385
16.5917  0.000100293
16.5942  9.80887e-05
16.5967  9.59334e-05
16.5991  9.39589e-05
16.6016  9.22654e-05
16.6041  9.09264e-05
16.6065  8.99949e-05
16.609  8.95101e-05
16.6114  8.95038e-05
16.6139  8.95101e-05
16.6164  8.99949e-05
16.6188  9.09264e-05
16.6213  9.22654e-05
16.6237  9.39589e-05
16.6262  9.59334e-05
16.6287  9.80887e-05
16.6311  0.000100293
16.6336  0.000102385
16.636  0.000104183
16.6385  0.000105507
16.6409  0.000106212
16.6434  0.000106212
16.6459  0.000105507
16.6483  0.000104183
16.6508  0.000102385
16.6532  0.000100293
16.6557  9.80887e-05
16.6581  9.59334e-05
16.6606  9.39589e-05
16.663  9.22654e-05
16.6655  9.09264e-05
16.6679  8.99949e-05
16.6704  8.95101e-05
16.6729  8.95038e-05
16.6753  8.95101e-05
16.6778  8.99949e-05
16.6802  9.09264e-05
16.6827  9.22654e-05
16.6851  9.39589e-05
16.6876  9.59334e-05
16.69  9.80887e-05
16.6925  0.000100293
16.6949  0.000102385
16.6974  0.000104183
16.6998  0.000105507
16.7022  0.000106212
16.7047  0.000106212
16.7071  0.000105507
16.7096  0.000104183
16.712  0.000102385
16.7145  0.000100293
16.7169  9.80887e-05
16.7194  9.59334e-05
16.7218  9.39589e-05
16.7243  9.22654e-05
16.7267  9.09264e-05
16.7292  8.99949e-05
16.7316  8.95101e-05
16.734  8.95038e-05
16.7365  8.95101e-05
16.7389  8.99949e-05
16.7414  9.09264e-05
16.7438  9.22654e-05
16.7462  9.39589e-05
16.7487  9.59334e-05
16.7511  9.80887e-05
16.7536  0.000100293
16.756  0.000102385
16.7584  0.000104183
16.7609  0.000105507
16.7633  0.000106212
16.7658  0.000106212
16.7682  0.000105507
16.7706  0.000104183
16.7731  0.000102385
16.7755  0.000100293
16.778  9.80887e-05
16.7804  9.59334e-05
16.7828  9.39589e-05
16.7853  9.22654e-05
16.7877  9.09264e-05
16.7901  8.99949e-05
16.7926  8.95101e-05
16.795  8.95038e-05
16.7974  8.95101e-05
16.7999  8.99949e-05
16.8023  9.09264e-05
16.8047  9.22654e-05
16.8072  9.39589e-05
16.8096  9.59334e-05
16.812  9.80887e-05
16.8145  0.000100293
16.8169  0.000102385
16.8193  0.000104183
16.8218  0.000105507
16.8242  0.000106212
16.8266  0.000106212
16.829  0.000105507
16.8315  0.000104183
16.8339  0.000102385
16.8363  0.000100293
16.8388  9.80887e-05
16.8412  9.59334e-05
16.8436  9.39589e-05
16.846  9.22654e-05
16.8485  9.09264e-05
16.8509  8.99949e-05
16.8533  8.95101e-05
16.8557  8.95038e-05
16.8582  8.95101e-05
16.8606  8.99949e-05
16.863  9.09264e-05
16.8654  9.22654e-05
16.8679  9.39589e-05
16.8703  9.59334e-05
16.8727  9.80887e-05
16.8751  0.000100293
16.8776  0.000102385
16.88  0.000104183
16.8824  0.000105507
16.8848  0.000106212
16.8872  0.000106212
16.8897  0.000105507
16.8921  0.000104183
16.8945  0.000102385
16.8969  0.000100293
16.8993  9.80887e-05
16.9018  9.59334e-05
16.9042  9.39589e-05
16.9066  9.22654e-05
16.909  9.09264e-05
16.9114  8.99949e-05
16.9138  8.95101e-05
16.9163  8.95038e-05
16.9187  8.95101e-05
16.9211  8.99949e-05
16.9235  9.09264e-05
16.9259  9.22654e-05
16.9283  9.39589e-05
16.9308  9.59334e-05
16.9332  9.80887e-05
16.9356  0.000100293
16.938  0.000102385
16.9404  0.000104183
16.9428  0.000105507
16.9452  0.000106212
16.9477  0.000106212
16.9501  0.000105507
16.9525  0.000104183
16.9549  0.000102385
16.9573  0.000100293
16.9597  9.80887e-05
16.9621  9.59334e-05
16.9645  9.39589e-05
16.9669  9.22654e-05
16.9693  9.09264e-05
16.9718  8.99949e-05
16.9742  8.95101e-05
16.9766  8.95038e-05
16.979  8.95101e-05
16.9814  8.99949e-05
16.9838  9.09264e-05
16.9862  9.22654e-05
16.9886  9.39589e-05
16.991  9.59334e-05
16.9934  9.80887e-05
16.9958  0.000100293
16.9982  0.000102385
17.0006  0.000104183
17.003  0.000105507
17.0054  0.000106212
17.0078  0.000106212
17.0103  0.000105507
17.0127  0.000104183
17.0151  0.000102385
17.0175  0.000100293
17.0199  9.80887e-05
17.0223  9.59334e-05
17.0247  9.39589e-05
17.0271  9.22654e-05
17.0295  9.09264e-05
17.0319  8.99949e-05
17.0343  8.95101e-05
17.0367  8.95038e-05
17.0391  8.95101e-05
17.0415  8.99949e-05
17.0439  9.09264e-05
17.0463  9.22654e-05
17.0487  9.39589e-05
17.0511  9.59334e-05
17.0535  9.80887e-05
17.0559  0.000100293
17.0582  0.000102385
17.0606  0.000104183
17.063  0.000105507
17.0654  0.000106212
17.0678  0.000106212
17.0702  0.000105507
17.0726  0.000104183
17.075  0.000102385
17.0774  0.000100293
17.0798  9.80887e-05
17.0822  9.59334e-05
17.0846  9.39589e-05
17.087  9.22654e-05
17.0894  9.09264e-05
17.0918  8.99949e-05
17.0942  8.95101e-05
17.0965  8.95038e-05
17.0989  8.95101e-05
17.1013  8.99949e-05
17.1037  9.09264e-05
17.1061  9.22654e-05
17.1085  9.39589e-05
17.1109  9.59334e-05
17.1133  9.80887e-05
17.1157  0.000100293
17.1181  0.000102385
17.1204  0.000104183
17.1228  0.000105507
17.1252  0.000106212
17.1276  0.000106212
17.13  0.000105507
17.1324  0.000104183
17.1348  0.000102385
17.1372  0.000100293
17.1395  9.80887e-05
17.1419  9.59334e-05
17.1443  9.39589e-05
17.1467  9.22654e-05
17.1491  9.09264e-05
17.1515  8.99949e-05
17.1538  8.95101e-05
17.1562  8.95038e-05
17.1586  8.95101e-05
17.161  8.99949e-05
17.1634  9.09264e-05
17.1658  9.22654e-05
17.1681  9.39589e-05
17.1705  9.59334e-05
17.1729  9.80887e-05
17.1753  0.000100293
17.1777  0.000102385
17.18  0.000104183
17.1824  0.000105507
17.1848  0.000106212
17.1872  0.000106212
17.1896  0.000105507
17.1919  0.000104183
17.1943  0.000102385
17.1967  0.000100293
17.1991  9.80887e-05
17.2014  9.59334e-05
17.2038  9.39589e-05
17.2062  9.22654e-05
17.2086  9.09264e-05
17.2109  8.99949e-05
17.2133  8.95101e-05
17.2157  8.95038e-05
17.2181  8.95101e-05
17.2204  8.99949e-05
17.2228  9.09264e-05
17.2252  9.22654e-05
17.2276  9.39589e-05
17.2299  9.59334e-05
17.2323  9.80887e-05
17.2347  0.000100293
17.237  0.000102385
17.2394  0.000104183
17.2418  0.000105507
17.2442  0.000106212
17.2465  0.000106212
17.2489  0.000105507
17.2513  0.000104183
17.2536  0.000102385
17.256  0.000100293
17.2584  9.80887e-05
17.2607  9.59334e-05
17.2631  9.39589e-05
17.2655  9.22654e-05
17.2679  9.09264e-05
17.2702  8.99949e-05
17.2726  8.95101e-05
17.275  8.95038e-05
17.2773  8.95101e-05
17.2797  8.99949e-05
17.2821  9.09264e-05
17.2844  9.22654e-05
17.2868  9.39589e-05
17.2891  9.59334e-05
17.2915  9.80887e-05
17.2939  0.000100293
17.2962  0.000102385
17.2986  0.000104183
17.301  0.000105507
17.3033  0.000106212
17.3057  0.000106212
17.3081  0.000105507
17.3104  0.000104183
17.3128  0.000102385
17.3151  0.000100293
17.3175  9.80887e-05
17.3199  9.59334e-05
17.3222  9.39589e-05
17.3246  9.22654e-05
17.3269  9.09264e-05
17.3293  8.99949e-05
17.3317  8.95101e-05
17.334  8.95038e-05
17.3364  8.95101e-05
17.3387  8.99949e-05
17.3411  9.09264e-05
17.3434  9.22654e-05
17.3458  9.39589e-05
17.3482  9.59334e-05
17.3505  9.80887e-05
17.3529  0.000100293
17.3552  0.000102385
17.3576  0.000104183
17.3599  0.000105507
17.3623  0.000106212
17.3646  0.000106212
17.367  0.000105507
17.3694  0.000104183
17.3717  0.000102385
17.3741  0.000100293
17.3764  9.80887e-05
17.3788  9.59334e-05
17.3811  9.39589e-05
17.3835  9.22654e-05
17.3858  9.09264e-05
17.3882  8.99949e-05
17.3905  8.95101e-05
17.3929  8.95038e-05
17.3952  8.95101e-05
17.3976  8.99949e-05
17.3999  9.09264e-05
17.4023  9.22654e-05
17.4046  9.39589e-05
17.407  9.59334e-05
17.4093  9.80887e-05
17.4117  0.000100293
17.414  0.000102385
17.4164  0.000104183
17.4187  0.000105507
17.4211  0.000106212
17.4234  0.000106212
17.4257  0.000105507
17.4281  0.000104183
17.4304  0.000102385
17.4328  0.000100293
17.4351  9.80887e-05
17.4375  9.59334e-05
17.4398  9.39589e-05
17.4422  9.22654e-05
17.4445  9.09264e-05
17.4468  8.99949e-05
17.4492  8.95101e-05
17.4515  8.95038e-05
17.4539  8.95101e-05
17.4562  8.99949e-05
17.4586  9.09264e-05
17.4609  9.22654e-05
17.4632  9.39589e-05
17.4656  9.59334e-05
17.4679  9.80887e-05
17.4703  0.000100293
17.4726  0.000102385
17.4749  0.000104183
17.4773  0.000105507
17.4796  0.000106212
17.482  0.000106212
17.4843  0.000105507
17.4866  0.000104183
17.489  0.000102385
17.4913  0.000100293
17.4936  9.80887e-05
17.496  9.59334e-05
17.4983  9.39589e-05
17.5007  9.22654e-05
17.503  9.09264e-05
17.5053  8.99949e-05
17.5077  8.95101e-05
17.51  8.95038e-05
17.5123  9.00049e-05
17.5147  9.10436e-05
17.517  9.26547e-05
17.5193  9.48802e-05
17.5217  9.77719e-05
17.524  0.000101394
17.5263  0.000105826
17.5287  0.000111165
17.531  0.00011753
17.5333  0.000125068
17.5357  0.000133957
17.538  0.000144414
17.5403  0.000156705
17.5427  0.000171154
17.545  0.000188158
17.5473  0.000208205
17.5496  0.000231897
17.552  0.000259975
17.5543  0.000293363
17.5566  0.000333206
17.559  0.00038094
17.5613  0.000438365
17.5636  0.000507752
17.5659  0.000591975
17.5683  0.000694689
17.5706  0.000820567
17.5729  0.000975605
17.5752  0.00116753
17.5776  0.00140638
17.5799  0.00170518
17.5822  0.00208101
17.5845  0.00255632
17.5869  0.00316076
17.5892  0.00393373
17.5915  0.00492781
17.5938  0.00621355
17.5962  0.00788608
17.5985  0.0100744
17.6008  0.0129543
17.6031  0.0167665
17.6055  0.0218429
17.6078  0.0286426
17.6101  0.0378052
17.6124  0.0502258
17.6147  0.0671642
17.6171  0.0904035
17.6194  0.122481
17.6217  0.167028
17.624  0.229269
17.6263  0.316765
17.6287  0.44052
17.631  0.616639
17.6333  0.868824
17.6356  1.23217
17.6379  1.7589
17.6403  2.52727
17.6426  3.65509
17.6449  5.32083
17.6472  7.79647
17.6495  11.4988
17.6518  17.0704
17.6542  25.5076
17.6565  38.3648
17.6588  58.0807
17.6611  88.505
17.6634  135.75
17.6657  209.579
17.668  325.68
17.6704  509.415
17.6727  802.025
17.675  1270.99
17.6773  2027.35
17.6796  3255.03
17.6819  5260.37
17.6842  8556.85
17.6865  14010.3
17.6889  23089.7
17.6912  38302.2
17.6935  63953.8
17.6958  107484
17.6981  181827
17.7004  309607
17.7027  530637
17.705  915422
17.7073  1.58957e+06
17.7096  2.77828e+06
17.7119  4.88775e+06
17.7143  8.6552e+06
17.7166  1.5427e+07
17.7189  2.76772e+07
17.7212  4.99803e+07
17.7235  9.08474e+07
17.7258  1.66212e+08
17.7281  3.06089e+08
17.7304  5.67373e+08
17.7327  1.05859e+09
17.735  1.98802e+09
17.7373  3.75795e+09
17.7396  7.1502e+09
17.7419  1.36937e+10
17.7442  2.63973e+10
17.7465  5.12194e+10
17.7488  1.00034e+11
17.7511  1.9665e+11
17.7534  3.89115e+11
17.7557  7.74993e+11
17.758  1.55365e+12
17.7604  3.13506e+12
17.7627  6.36759e+12
17.765  1.30179e+13
17.7673  2.6788e+13
17.7696  5.54854e+13
17.7719  1.15678e+14
17.7742  2.42751e+14
17.7765  5.12752e+14
17.7788  1.09016e+15
17.7811  2.33296e+15
17.7834  5.02531e+15
17.7857  1.08957e+16
17.788  2.37783e+16
17.7902  5.22328e+16
17.7925  1.1549e+17
17.7948  2.57027e+17
17.7971  5.75771e+17
17.7994  1.29825e+18
17.8017  2.94647e+18
17.804  6.73105e+18
17.8063  1.54774e+19
17.8086  3.58222e+19
17.8109  8.34529e+19
17.8132  1.95689e+20
17.8155  4.61879e+20
17.8178  1.0973e+21
17.8201  2.62397e+21
17.8224  6.31582e+21
17.8247  1.53016e+22
17.827  3.73146e+22
17.8293  9.15919e+22
17.8316  2.26293e+23
17.8339  5.6276e+23
17.8361  1.40867e+24
17.8384  3.54923e+24
17.8407  9.00106e+24
17.843  2.29768e+25
17.8453  5.90367e+25
17.8476  1.52683e+26
17.8499  3.97461e+26
17.8522  1.04144e+27
17.8545  2.74671e+27
17.8568  7.29165e+27
17.8591  1.94839e+28
17.8613  5.24036e+28
17.8636  1.41868e+29
17.8659  3.86581e+29
17.8682  1.06032e+30
17.8705  2.92729e+30
17.8728  8.13453e+30
17.8751  2.27528e+31
17.8774  6.40582e+31
17.8796  1.81531e+32
17.8819  5.17799e+32
17.8842  1.48665e+33
17.8865  4.29628e+33
17.8888  1.24972e+34
17.8911  3.65906e+34
17.8934  1.07836e+35
17.8956  3.19883e+35
17.8979  9.55115e+35
17.9002  2.8705e+36
17.9025  8.68349e+36
17.9048  2.64404e+37
17.9071  8.1036e+37
17.9093  2.49991e+38
17.9116  7.76258e+38
17.9139  2.42619e+39
17.9162  7.63272e+39
17.9185  2.41696e+40
17.9207  7.70366e+40
17.923  2.4715e+41
17.9253  7.98105e+41
17.9276  2.59415e+42
17.9299  8.48726e+42
17.9322  2.79496e+43
17.9344  9.26446e+43
17.9367  3.09101e+44
17.939  1.03805e+45
17.9413  3.50889e+45
17.9435  1.19388e+46
17.9458  4.0887e+46
17.9481  1.40944e+47
17.9504  4.8904e+47
17.9527  1.70796e+48
17.9549  6.00411e+48
17.9572  2.12449e+49
17.9595  7.56654e+49
17.9618  2.71254e+50
17.964  9.78794e+50
17.9663  3.55502e+51
17.9686  1.29966e+52
17.9709  4.78248e+52
17.9731  1.77139e+53
17.9754  6.60404e+53
17.9777  2.47823e+54
17.98  9.36074e+54
17.9822  3.55889e+55
17.9845  1.36193e+56
17.9868  5.24606e+56
17.9891  2.03398e+57
17.9913  7.93772e+57
17.9936  3.11804e+58
17.9959  1.23283e+59
17.9981  4.90639e+59
18.0004  1.96542e+60
18.0027  7.92477e+60
18.005  3.21628e+61
18.0072  1.31388e+62
18.0095  5.40251e+62
18.0118  2.236e+63
18.014  9.315e+63
18.0163  3.90599e+64
18.0186  1.6486e+65
18.0208  7.00382e+65
18.0231  2.99496e+66
18.0254  1.28909e+67
18.0276  5.58487e+67
18.0299  2.43544e+68
18.0322  1.069e+69
18.0344  4.72299e+69
18.0367  2.10035e+70
18.039  9.40158e+70
18.0412  4.23591e+71
18.0435  1.92101e+72
18.0458  8.76895e+72
18.048  4.02905e+73
18.0503  1.86335e+74
18.0526  8.67403e+74
18.0548  4.06428e+75
18.0571  1.91683e+76
18.0594  9.09954e+76
18.0616  4.34802e+77
18.0639  2.09122e+78
18.0662  1.01238e+79
18.0684  4.93316e+79
18.0707  2.41959e+80
18.0729  1.19452e+81
18.0752  5.93587e+81
18.0775  2.969e+82
18.0797  1.49476e+83
18.082  7.57477e+83
