00 286.56 285.75 -5.84298802857826 -1.48584498166063 1.1605 9 50244 50245 50248 50249 50250 50251 50252 50253 50254
01 291.26 290.46 -9.05478929967542 -0.583863491802499 0.929 3 50284 50285 50290
02 289.78 288.89 -8.962476117546 -0.812406316849286 1.345 5 50291 50293 50294 50295 50305
03 288.26 287.32 -11.6098405266139 -0.697139342991585 1.056 3 50306 50307 50308
04 295.80 295.17 -12.4548491110335 -0.605565231061772 1.062 3 50312 50313 50316
05 294.37 293.6 -12.7800569278767 -0.676162940215072 1.012 3 50321 50322 50323
06 292.90 292.03 -12.5441282553694 -0.877983441874918 1.065 2 50325 50326
07 285.52 284.49 -12.7350698510827 -0.29164765735841 1.1765 4 50328 50329 50330 50331
08 284.5 282.92 -12.4449402706916 -0.551214246975373 1.017 3 50334 50335 50336
09 282.22 281.03 -12.7711494045102 -0.523607335398169 0.987 2 50338 50343
10 280.66 279.46 -14.8733155487488 1.22545558365048 1.065 3 50350 50351 50359
11 279.14 277.89 -14.2783957063278 1.2057123221782 1.02 2 50360 50361
12 277.60 276.32 -15.1853079935569 0.944778646491598 1.102 2 50362 50364
13 276.1 275.22 -14.5927967262716 1.15439793621918 1.05 2 50365 50366
14 274.47 273.65 -13.2016619441509 1.72127500203432 1.056 3 50368 50369 50370
15 272.95 272.08 -14.1943462457997 2.00646496580399 1.035 5 50371 50372 50373 50374 50375
16 271.43 270.51 -14.7053788964122 2.26281281355666 1.047 3 50376 50378 50379
17 269.89 268.94 -15.4425214756968 2.70634831183065 1.08 2 50381 50382
18 268.37 267.37 -14.5689279365186 3.01702151595897 1.115 2 50383 50384
19 266.80 265.96 -6.61874491422969 3.56133610692141 1.075 3 50389 50390 50391
20 265.28 264.38 -8.810754367444 3.53987949127371 1.042 2 50393 50394
21 263.75 262.81 -9.35020767220045 4.07713485970997 1.066 3 50396 50397 50398
22 262.22 261.24 -8.45467813039913 4.51842992744912 1.067 3 50400 50401 50411
23 212.68 211.51 -8.35043678749626 3.93115941264323 1.05 2 50416 50417
24 211.15 209.94 -8.77358081779106 5.07630233471499 1.013 2 50419 50420
25 209.63 208.37 -8.06346967128795 7.29480279149121 1.325 3 50422 50429 50430
26 208.13 206.8 -7.55659685939731 8.46891109175673 1 2 50432 50433
27 206.62 205.23 -9.17684864645571 6.68980074756597 0.897 1 50435
28 293.58 292.66 -6.29458997950967 -1.66984136259974 1.125 2 50437 50438
29 292.15 291.09 -7.76686398572685 -2.31974836389758 1.05 2 50440 50441
30 290.67 289.52 -6.80364927353227 0.0731056942167053 0.99 2 50443 50444
31 289.16 287.95 -6.41106851321351 -0.263505142243375 1.452 2 50446 50447
32 287.76 286.37 -6.95121461991368 0.402164277211014 1.05 2 50452 50453
33 286.30 284.8 -7.6356866061385 1.17836326125726 0.825 2 50455 50456
34 284.76 283.23 -7.48093657161249 1.83787635127999 1.032 3 50458 50459 50461
35 283.23 281.66 -8.4263208577347 -0.357159443590693 1 2 50463 50464
36 281.68 280.09 -7.00778703893759 0.0200811044991427 1.075 2 50466 50467
37 280.13 278.52 -7.04800487959033 0.579933043282959 1 2 50468 50469
38 278.57 276.95 -10.5331859012573 -0.181424809817947 1.002 2 50471 50472
39 277.1 275.38 -9.11919641310649 0.37855067918317 1.005 2 50474 50475
40 275.47 273.81 -7.50462273843812 0.8298062256934 1.044 2 50477 50478
41 273.90 272.24 -8.1436764919426 0.848174912247075 0.987 4 50480 50481 50483 50485
42 272.31 270.67 -9.28008607251191 -0.113823951019971 0.918 2 50487 50488
43 270.76 269.1 -8.84932034905102 0.668958866452845 1.008 2 50490 50491
44 269.19 267.53 -7.90961595480834 1.10505761794423 0.92 3 50493 50494 50495
45 267.66 265.96 -7.01922551413929 1.6483693205384 0.888 1 50497
46 295.14 293.6 -9.31327842868443 0.478064049794472 1.016 2 50499 50500
47 296.74 295.17 -9.88699959773454 0.152974439663398 1.046 2 50502 50503
48 297.50 295.99 -8.58657466290399 0.256538642335694 1 2 50505 50506
49 298.58 297.2 -9.34445471661839 0.289682947507439 1.1 1 50510
50 299.35 298.0 -8.89524305696489 -0.000771684280983628 1.1 1 50512
51 300.14 298.8 -9.39729009149529 -0.049444146133408 1.1 1 50514
