50151	1664807042	1664803943	402.57	399.72	3	0.0	0.0	0.0	0.0	0.0	0.0	0.0	0.0	0.0	0.0	0.0	0.0	0.0	0.0	0.0	0.0	0.0
50154	1664808247	1664808648	402.57	399.72	2	0.0	0.0	0.0	0.0	0.0	0.0	0.0	0.0	0.0	0.0	0.0	0.0	0.0	0.0	0.0	0.0	0.0
50156	1664808700	1664809541	402.57	399.72	5	0.0	0.0	0.0	0.0	0.0	0.0	0.0	0.0	0.0	0.0	0.0	0.0	0.0	0.0	0.0	0.0	0.0
50157	1664809943	1664810779	402.57	399.72	5	0.0	0.0	0.0	0.0	0.0	0.0	0.0	0.0	0.0	0.0	0.0	0.0	0.0	0.0	0.0	0.0	0.0
50158	1664811019	1664811856	402.57	399.72	5	0.0	0.0	0.0	0.0	0.0	0.0	0.0	0.0	0.0	0.0	0.0	0.0	0.0	0.0	0.0	0.0	0.0
50159	1664812197	1664813032	402.57	399.72	5	0.0	0.0	0.0	0.0	0.0	0.0	0.0	0.0	0.0	0.0	0.0	0.0	0.0	0.0	0.0	0.0	0.0
50160	1664813401	1664814241	402.57	399.72	5	0.0	0.0	0.0	0.0	0.0	0.0	0.0	0.0	0.0	0.0	0.0	0.0	0.0	0.0	0.0	0.0	0.0
50161	1664814397	1664862813	402.57	399.72	1280	0.0	0.0	0.0	0.0	0.0	0.0	0.0	0.0	0.0	0.0	0.0	0.0	0.0	0.0	0.0	0.0	0.0
50162	1664863401	1664864982	402.57	399.72	30	0.0	0.0	0.0	0.0	0.0	0.0	0.0	0.0	0.0	0.0	0.0	0.0	0.0	0.0	0.0	0.0	0.0
50163	1664865161	1664865617	402.57	399.72	10	0.0	0.0	0.0	0.0	0.0	0.0	0.0	0.0	0.0	0.0	0.0	0.0	0.0	0.0	0.0	0.0	0.0
50164	1664865668	1664867867	402.57	399.72	50	0.0	0.0	0.0	0.0	0.0	0.0	0.0	0.0	0.0	0.0	0.0	0.0	0.0	0.0	0.0	0.0	0.0
50165	1664871537	1664871669	402.57	399.72	5	0.0	0.0	0.0	0.0	0.0	0.0	0.0	0.0	0.0	0.0	0.0	0.0	0.0	0.0	0.0	0.0	0.0
50166	1664871731	1664872203	402.57	399.72	3	0.0	0.0	0.0	0.0	0.0	0.0	0.0	0.0	0.0	0.0	0.0	0.0	0.0	0.0	0.0	0.0	0.0
50167	1664872453	1664872897	402.57	399.72	3	0.0	0.0	0.0	0.0	0.0	0.0	0.0	0.0	0.0	0.0	0.0	0.0	0.0	0.0	0.0	0.0	0.0
50168	1664872940	1664873551	402.57	399.72	3	0.0	0.0	0.0	0.0	0.0	0.0	0.0	0.0	0.0	0.0	0.0	0.0	0.0	0.0	0.0	0.0	0.0
50169	1664873587	1664874040	402.57	399.72	3	0.0	0.0	0.0	0.0	0.0	0.0	0.0	0.0	0.0	0.0	0.0	0.0	0.0	0.0	0.0	0.0	0.0
50172	1664875017	1664875452	402.57	399.72	3	0.0	0.0	0.0	0.0	0.0	0.0	0.0	0.0	0.0	0.0	0.0	0.0	0.0	0.0	0.0	0.0	0.0
50171	1664874560	1664874998	402.57	399.72	3	0.0	0.0	0.0	0.0	0.0	0.0	0.0	0.0	0.0	0.0	0.0	0.0	0.0	0.0	0.0	0.0	0.0
50172	1664875017	1664875452	402.57	399.72	3	0.0	0.0	0.0	0.0	0.0	0.0	0.0	0.0	0.0	0.0	0.0	0.0	0.0	0.0	0.0	0.0	0.0
50173	1664875472	1664875904	402.57	399.72	3	0.0	0.0	0.0	0.0	0.0	0.0	0.0	0.0	0.0	0.0	0.0	0.0	0.0	0.0	0.0	0.0	0.0
50174	1664875928	1664876357	402.57	399.72	3	0.0	0.0	0.0	0.0	0.0	0.0	0.0	0.0	0.0	0.0	0.0	0.0	0.0	0.0	0.0	0.0	0.0
50175	1664876379	1664877200	402.57	399.72	3	0.0	0.0	0.0	0.0	0.0	0.0	0.0	0.0	0.0	0.0	0.0	0.0	0.0	0.0	0.0	0.0	0.0
50176	1664877222	1664877680	402.57	399.72	3	0.0	0.0	0.0	0.0	0.0	0.0	0.0	0.0	0.0	0.0	0.0	0.0	0.0	0.0	0.0	0.0	0.0
50177	1664877723	1664878180	402.57	399.72	3	0.0	0.0	0.0	0.0	0.0	0.0	0.0	0.0	0.0	0.0	0.0	0.0	0.0	0.0	0.0	0.0	0.0
50178	1664878395	1664878834	402.57	399.72	3	0.0	0.0	0.0	0.0	0.0	0.0	0.0	0.0	0.0	0.0	0.0	0.0	0.0	0.0	0.0	0.0	0.0
50179	1664878908	1664879353	402.57	399.72	3	0.0	0.0	0.0	0.0	0.0	0.0	0.0	0.0	0.0	0.0	0.0	0.0	0.0	0.0	0.0	0.0	0.0
50180	1664879463	1664879933	402.57	399.72	3	0.0	0.0	0.0	0.0	0.0	0.0	0.0	0.0	0.0	0.0	0.0	0.0	0.0	0.0	0.0	0.0	0.0
50181	1664880009	1664880469	402.57	399.72	3	0.0	0.0	0.0	0.0	0.0	0.0	0.0	0.0	0.0	0.0	0.0	0.0	0.0	0.0	0.0	0.0	0.0
50182	1664880503	1664880976	402.57	399.72	3	0.0	0.0	0.0	0.0	0.0	0.0	0.0	0.0	0.0	0.0	0.0	0.0	0.0	0.0	0.0	0.0	0.0
50183	1664881043	1664881476	402.57	399.72	3	0.0	0.0	0.0	0.0	0.0	0.0	0.0	0.0	0.0	0.0	0.0	0.0	0.0	0.0	0.0	0.0	0.0
50184	1664881492	1664881928	402.57	399.72	3	0.0	0.0	0.0	0.0	0.0	0.0	0.0	0.0	0.0	0.0	0.0	0.0	0.0	0.0	0.0	0.0	0.0
50185	1664881956	1664882360	402.57	399.72	2	0.0	0.0	0.0	0.0	0.0	0.0	0.0	0.0	0.0	0.0	0.0	0.0	0.0	0.0	0.0	0.0	0.0
50186	1664882380	1664882825	402.57	399.72	3	0.0	0.0	0.0	0.0	0.0	0.0	0.0	0.0	0.0	0.0	0.0	0.0	0.0	0.0	0.0	0.0	0.0
50187	1664882840	1664883306	402.57	399.72	3	0.0	0.0	0.0	0.0	0.0	0.0	0.0	0.0	0.0	0.0	0.0	0.0	0.0	0.0	0.0	0.0	0.0
50188	1664886292	1664886891	402.57	0.0	15	0.0	0.0	0.0	0.0	0.0	0.0	0.0	0.0	0.0	0.0	0.0	0.0	0.0	0.0	0.0	0.0	0.0
50189	1664887070	1664887625	402.57	0.0	14	0.0	0.0	0.0	0.0	0.0	0.0	0.0	0.0	0.0	0.0	0.0	0.0	0.0	0.0	0.0	0.0	0.0
50190	1664887843	1664888356	402.57	0.0	13	0.0	0.0	0.0	0.0	0.0	0.0	0.0	0.0	0.0	0.0	0.0	0.0	0.0	0.0	0.0	0.0	0.0
50191	1664888570	1664889088	402.57	0.0	13	0.0	0.0	0.0	0.0	0.0	0.0	0.0	0.0	0.0	0.0	0.0	0.0	0.0	0.0	0.0	0.0	0.0
50192	1664889295	1664889861	402.57	0.0	14	0.0	0.0	0.0	0.0	0.0	0.0	0.0	0.0	0.0	0.0	0.0	0.0	0.0	0.0	0.0	0.0	0.0
50193	1664890476	1664892321	402.57	0.0	46	0.0	0.0	0.0	0.0	0.0	0.0	0.0	0.0	0.0	0.0	0.0	0.0	0.0	0.0	0.0	0.0	0.0
50194	1664892394	1664892650	402.57	0.0	6	0.0	0.0	0.0	0.0	0.0	0.0	0.0	0.0	0.0	0.0	0.0	0.0	0.0	0.0	0.0	0.0	0.0
50195	1664892695	1664892935	402.57	0.0	6	0.0	0.0	0.0	0.0	0.0	0.0	0.0	0.0	0.0	0.0	0.0	0.0	0.0	0.0	0.0	0.0	0.0
50196	1664892972	1664893204	402.57	0.0	6	0.0	0.0	0.0	0.0	0.0	0.0	0.0	0.0	0.0	0.0	0.0	0.0	0.0	0.0	0.0	0.0	0.0
50197	1664893647	1664951873	402.57	0.0	1455	0.0	0.0	0.0	0.0	0.0	0.0	0.0	0.0	0.0	0.0	0.0	0.0	0.0	0.0	0.0	0.0	0.0
50198	1664953547	1664953687	402.57	0.0	5	0.0	0.0	0.0	0.0	0.0	0.0	0.0	0.0	0.0	0.0	0.0	0.0	0.0	0.0	0.0	0.0	0.0
50199	1664953800	1664954265	402.57	0.0	11	0.0	0.0	0.0	0.0	0.0	0.0	0.0	0.0	0.0	0.0	0.0	0.0	0.0	0.0	0.0	0.0	0.0
50200	1664954346	1664954802	402.57	0.0	11	0.0	0.0	0.0	0.0	0.0	0.0	0.0	0.0	0.0	0.0	0.0	0.0	0.0	0.0	0.0	0.0	0.0
50201	1664954938	1664955538	402.57	0.0	11	0.0	0.0	0.0	0.0	0.0	0.0	0.0	0.0	0.0	0.0	0.0	0.0	0.0	0.0	0.0	0.0	0.0
50202	1664955649	1664956169	402.57	0.0	11	0.0	0.0	0.0	0.0	0.0	0.0	0.0	0.0	0.0	0.0	0.0	0.0	0.0	0.0	0.0	0.0	0.0
50203	1664956279	1664956772	402.57	0.0	11	0.0	0.0	0.0	0.0	0.0	0.0	0.0	0.0	0.0	0.0	0.0	0.0	0.0	0.0	0.0	0.0	0.0
50204	1664956812	1664957389	402.57	0.0	11	0.0	0.0	0.0	0.0	0.0	0.0	0.0	0.0	0.0	0.0	0.0	0.0	0.0	0.0	0.0	0.0	0.0
50205	1664957732	1664958229	402.57	0.0	11	0.0	0.0	0.0	0.0	0.0	0.0	0.0	0.0	0.0	0.0	0.0	0.0	0.0	0.0	0.0	0.0	0.0
50206	1664958262	1664958753	402.57	0.0	11	0.0	0.0	0.0	0.0	0.0	0.0	0.0	0.0	0.0	0.0	0.0	0.0	0.0	0.0	0.0	0.0	0.0
50207	1664958788	1664959357	402.57	0.0	11	0.0	0.0	0.0	0.0	0.0	0.0	0.0	0.0	0.0	0.0	0.0	0.0	0.0	0.0	0.0	0.0	0.0
50208	1664959531	1664959964	402.57	0.0	11	0.0	0.0	0.0	0.0	0.0	0.0	0.0	0.0	0.0	0.0	0.0	0.0	0.0	0.0	0.0	0.0	0.0
50209	1664960040	1664960488	402.57	0.0	11	0.0	0.0	0.0	0.0	0.0	0.0	0.0	0.0	0.0	0.0	0.0	0.0	0.0	0.0	0.0	0.0	0.0
50210	1664965751	1664966251	402.57	0.0	11	0.0	0.0	0.0	0.0	0.0	0.0	0.0	0.0	0.0	0.0	0.0	0.0	0.0	0.0	0.0	0.0	0.0
50211	1664967825	1664968444	402.57	0.0	11	0.0	0.0	0.0	0.0	0.0	0.0	0.0	0.0	0.0	0.0	0.0	0.0	0.0	0.0	0.0	0.0	0.0
50212	1664968757	1664969429	402.57	0.0	11	0.0	0.0	0.0	0.0	0.0	0.0	0.0	0.0	0.0	0.0	0.0	0.0	0.0	0.0	0.0	0.0	0.0
50213	1664970065	1664970874	402.57	0.0	11	0.0	0.0	0.0	0.0	0.0	0.0	0.0	0.0	0.0	0.0	0.0	0.0	0.0	0.0	0.0	0.0	0.0
50214	1664971599	1664972203	402.57	0.0	11	0.0	0.0	0.0	0.0	0.0	0.0	0.0	0.0	0.0	0.0	0.0	0.0	0.0	0.0	0.0	0.0	0.0
50215	1664972440	1664973115	402.57	0.0	11	0.0	0.0	0.0	0.0	0.0	0.0	0.0	0.0	0.0	0.0	0.0	0.0	0.0	0.0	0.0	0.0	0.0
50216	1664973526	1664974680	402.57	0.0	21	0.0	0.0	0.0	0.0	0.0	0.0	0.0	0.0	0.0	0.0	0.0	0.0	0.0	0.0	0.0	0.0	0.0
50217	1665043854	1665044033	0.0	0.0	8	0.0	0.0	0.0	0.0	0.0	0.0	0.0	0.0	0.0	0.0	0.0	0.0	0.0	0.0	0.0	0.0	0.0
50218	1665052715	1665053201	402.57	399.72	11	0.0	0.0	0.0	0.0	0.0	0.0	0.0	0.0	0.0	0.0	0.0	0.0	0.0	0.0	0.0	0.0	0.0
50219	1665053562	1665054045	402.57	399.72	11	0.0	0.0	0.0	0.0	0.0	0.0	0.0	0.0	0.0	0.0	0.0	0.0	0.0	0.0	0.0	0.0	0.0
50220	1665054326	1665054781	402.57	399.72	11	0.0	0.0	0.0	0.0	0.0	0.0	0.0	0.0	0.0	0.0	0.0	0.0	0.0	0.0	0.0	0.0	0.0
50221	1665055164	1665055612	402.57	399.72	11	0.0	0.0	0.0	0.0	0.0	0.0	0.0	0.0	0.0	0.0	0.0	0.0	0.0	0.0	0.0	0.0	0.0
50222	1665056185	1665056630	402.57	399.72	11	0.0	0.0	0.0	0.0	0.0	0.0	0.0	0.0	0.0	0.0	0.0	0.0	0.0	0.0	0.0	0.0	0.0
50223	1665056815	1665057273	402.57	0.0	11	0.0	0.0	0.0	0.0	0.0	0.0	0.0	0.0	0.0	0.0	0.0	0.0	0.0	0.0	0.0	0.0	0.0
50224	1665066423	1665069059	402.57	0.0	57	0.0	0.0	0.0	0.0	0.0	0.0	0.0	0.0	0.0	0.0	0.0	0.0	0.0	0.0	0.0	0.0	0.0
50225	1665069323	1665126569	402.57	399.72	1495	0.0	0.0	0.0	0.0	0.0	0.0	0.0	0.0	0.0	0.0	0.0	0.0	0.0	0.0	0.0	0.0	0.0
50226	1665126664	1665138119	402.57	402.66	300	0.0	0.0	0.0	0.0	0.0	0.0	0.0	0.0	0.0	0.0	0.0	0.0	0.0	0.0	0.0	0.0	0.0
50227	1665139456	1665144856	402.57	402.66	135	0.0	0.0	0.0	0.0	0.0	0.0	0.0	0.0	0.0	0.0	0.0	0.0	0.0	0.0	0.0	0.0	0.0
50228	1665144961	1665147381	402.57	401.19	60	0.0	0.0	0.0	0.0	0.0	0.0	0.0	0.0	0.0	0.0	0.0	0.0	0.0	0.0	0.0	0.0	0.0
50229	1665147429	1665150117	402.57	401.19	70	0.0	0.0	0.0	0.0	0.0	0.0	0.0	0.0	0.0	0.0	0.0	0.0	0.0	0.0	0.0	0.0	0.0
50230	1665151489	1665154083	402.57	399.28	70	0.0	0.0	0.0	0.0	0.0	0.0	0.0	0.0	0.0	0.0	0.0	0.0	0.0	0.0	0.0	0.0	0.0
50231	1665154151	1665186581	402.57	399.57	855	0.0	0.0	0.0	0.0	0.0	0.0	0.0	0.0	0.0	0.0	0.0	0.0	0.0	0.0	0.0	0.0	0.0
50235	1665194581	1665204095	402.57	399.57	245	0.0	0.0	0.0	0.0	0.0	0.0	0.0	0.0	0.0	0.0	0.0	0.0	0.0	0.0	0.0	0.0	0.0
50236	1665204173	1665242447	402.57	399.57	990	0.0	0.0	0.0	0.0	0.0	-11.64	-1.80	0.9078992264584715	0.0	0.0	0.0	0.0	0.0	0.0	0.0	0.0	0.0
50237	1665242499	1665285015	402.57	399.57	1120	0.0	0.0	0.0	0.0	0.0	-11.63	-1.74	0.9108727067005569	0.0	0.0	0.0	0.0	0.0	0.0	0.0	0.0	0.0
50238	1665285067	1665305298	402.57	399.57	535	0.0	0.0	0.0	0.0	0.0	-11.85	-1.97	0.9064070802392158	0.0	0.0	0.0	0.0	0.0	0.0	0.0	0.0	0.0
50239	1665305452	1665343718	402.57	399.57	1005	0.0	0.0	0.0	0.0	0.0	-11.68	-1.99	0.9065994410877543	0.0	0.0	0.0	0.0	0.0	0.0	0.0	0.0	0.0
50240	1665343769	1665381319	402.57	399.57	980	0.0	0.0	0.0	0.0	0.0	-11.67	-1.99	0.9110696162922589	0.0	0.0	0.0	0.0	0.0	0.0	0.0	0.0 0.0
50241	1665483183	1665485804	285.75	0.0	25	0.0	0.0	0.0	0.0	0.0	0.0	0.0	0.0	0.0	0.0	0.0	0.0	0.0	0.0	0.0	0.0	0.0
50242	1665485859	1665492258	285.59	0.0	145	0.0	0.0	0.0	0.0	0.0	0.0	0.0	0.0	0.0	0.0	0.0	0.0	0.0	0.0	0.0	0.0	0.0
50243	1665492349	1665500010	285.75	283.96	190	0.0	0.0	0.0	0.0	0.0	0.0	0.0	0.0	0.0	0.0	0.0	0.0	0.0	0.0	0.0	0.0	0.0
50244	1665500080	1665538410	285.75	283.96	1005	2500000000.0	240.0	-182.0	-0.2657	-1.938	-6.176260940809676	-0.3732429319082357	0.8669009170751002	0.018227346406326502	36.93	-0.16	36.95	-0.14300000000000002	36.95	-0.14300000000000002	36.84	-0.249
50245	1665538461	1665542656	285.75	283.96	95	250000000.0	216.0	-166.0	-0.2103	-2.237	-5.987350945983718	0.6977973080024507	0.8715718077341413	0.01747846033669194	37.09	-0.011	37.11	0.006999999999999999	37.13	0.025	37.09	-0.012
50248	1665544586	1665557877	285.75	283.96	330	825000000.0	236.0	-178.0	-0.3286	-2.036	-5.580433917663043	-0.6273627827195807	0.8603692008581122	0.024550856749488047	37.23	0.122	37.24	0.13699999999999998	37.27	0.162	37.27	0.157
50249	1665558721	1665561502	285.75	283.96	70	175000000.0	228.0	-174.0	-0.328	-1.837	-7.158127716614822	0.2507686752190801	0.8535516004083392	0.03273534583897847	37.24	0.136	37.28	0.174	37.3	0.192	37.28	0.173
50250	1665563383	1665570626	285.75	283.96	190	475000000.0	228.0	-174.0	-0.3405	-1.876	-5.807996608061188	-0.17916118563223482	0.8644593581572843	0.02327193286909266	37.18	0.073	37.24	0.132	37.23	0.126	37.16	0.055
50251	1665573526	1665575612	285.75	283.96	110	250000000.0	212.0	-154.0	-0.3844	-1.709	-5.251585898606416	-1.1945384209503305	0.834096343692621	0.05318267067167109	37.13	0.025	37.2	0.095	37.18	0.07400000000000001	37.07	-0.029
50252	1665576182	1665595283	285.75	283.96	1005	2300000000.0	224.0	-162.0	-0.3564	-0.8203	-6.287702753169405	-2.3983818759846027	0.8679728979443726	0.025496332464768942	36.94	-0.155	37.14	0.042	37.12	0.023	37.0	-0.094
50253	1665595427	1665616252	285.75	283.96	1115	2530000000.0	216.0	-162.0	-0.3838	-0.8175	-6.2497227590898765	-2.954218644157512	0.8611871129279778	0.031521260211983836	36.98	-0.113	37.07	-0.031	37.05	-0.048	36.95	-0.146
50254	1665617057	1665634917	285.75	283.96	960	2300000000.0	228.0	-162.0	-0.3775	-0.8372	-6.5918309335675564	-2.4787025519573804	0.8731320143741915	0.024627831619582933	36.93	-0.163	37.02	-0.07200000000000001	37.01	-0.085	36.91	-0.182
50255	1665635949	1665643807	285.75	283.96	415	0.0	0.0	0.0	0.0	0.0	0.0	0.0	0.0	0.0	0.0	0.0	0.0	0.0	0.0	0.0	0.0	0.0
50256	1665645042	1665645992	285.75	0.0	45	0.0	0.0	0.0	0.0	0.0	0.0	0.0	0.0	0.0	0.0	0.0	0.0	0.0	0.0	0.0	0.0	0.0
50257	1665646151	1665648032	285.75	0.0	50	0.0	0.0	0.0	0.0	0.0	0.0	0.0	0.0	0.0	0.0	0.0	0.0	0.0	0.0	0.0	0.0	0.0
50258	1665648193	1665648804	285.75	0.0	10	0.0	0.0	0.0	0.0	0.0	0.0	0.0	0.0	0.0	0.0	0.0	0.0	0.0	0.0	0.0	0.0	0.0
50260	1665648958	1665649956	285.75	283.96	50	0.0	0.0	0.0	0.0	0.0	0.0	0.0	0.0	0.0	0.0	0.0	0.0	0.0	0.0	0.0	0.0	0.0
50261	1665650818	1665651845	285.75	0.0	50	0.0	0.0	0.0	0.0	0.0	0.0	0.0	0.0	0.0	0.0	0.0	0.0	0.0	0.0	0.0	0.0	0.0
50262	1665659225	1665659871	285.75	283.96	30	0.0	0.0	0.0	0.0	0.0	0.0	0.0	0.0	0.0	0.0	0.0	0.0	0.0	0.0	0.0	0.0	0.0
50264	1665660440	1665661803	284.18	283.96	55	0.0	0.0	0.0	0.0	0.0	0.0	0.0	0.0	0.0	0.0	0.0	0.0	0.0	0.0	0.0	0.0	0.0
50266	1665662015	1665662493	285.75	283.96	20	0.0	0.0	0.0	0.0	0.0	0.0	0.0	0.0	0.0	0.0	0.0	0.0	0.0	0.0	0.0	0.0	0.0
50267	1665662639	1665663256	284.18	285.43	30	0.0	0.0	0.0	0.0	0.0	0.0	0.0	0.0	0.0	0.0	0.0	0.0	0.0	0.0	0.0	0.0	0.0
50269	1665663626	1665664167	282.6	281.01	25	0.0	0.0	0.0	0.0	0.0	0.0	0.0	0.0	0.0	0.0	0.0	0.0	0.0	0.0	0.0	0.0	0.0
50270	1665664346	1665664722	281.03	279.54	5	0.0	0.0	0.0	0.0	0.0	0.0	0.0	0.0	0.0	0.0	0.0	0.0	0.0	0.0	0.0	0.0	0.0
50272	1665665539	1665666135	287.32	285.43	30	0.0	0.0	0.0	0.0	0.0	0.0	0.0	0.0	0.0	0.0	0.0	0.0	0.0	0.0	0.0	0.0	0.0
50273	1665666683	1665667444	288.89	286.9	35	0.0	0.0	0.0	0.0	0.0	0.0	0.0	0.0	0.0	0.0	0.0	0.0	0.0	0.0	0.0	0.0	0.0
50274	1665667659	1665668373	290.46	288.37	35	0.0	0.0	0.0	0.0	0.0	0.0	0.0	0.0	0.0	0.0	0.0	0.0	0.0	0.0	0.0	0.0	0.0
50275	1665668749	1665669265	292.03	289.85	25	0.0	0.0	0.0	0.0	0.0	0.0	0.0	0.0	0.0	0.0	0.0	0.0	0.0	0.0	0.0	0.0	0.0
50276	1665669420	1665669803	293.6	291.32	15	0.0	0.0	0.0	0.0	0.0	0.0	0.0	0.0	0.0	0.0	0.0	0.0	0.0	0.0	0.0	0.0	0.0
50277	1665669914	1665670314	295.17	292.79	15	0.0	0.0	0.0	0.0	0.0	0.0	0.0	0.0	0.0	0.0	0.0	0.0	0.0	0.0	0.0	0.0	0.0
50278	1665673356	1665675385	288.89	0.0	100	0.0	0.0	0.0	0.0	0.0	0.0	0.0	0.0	0.0	0.0	0.0	0.0	0.0	0.0	0.0	0.0	0.0
50279	1665727814	1665730771	288.89	0.0	150	0.0	0.0	0.0	0.0	0.0	0.0	0.0	0.0	0.0	0.0	0.0	0.0	0.0	0.0	0.0	0.0	0.0
50280	1665730882	1665733958	288.89	286.9	160	0.0	0.0	0.0	0.0	0.0	0.0	0.0	0.0	0.0	0.0	0.0	0.0	0.0	0.0	0.0	0.0	0.0
50281	1665736156	1665742398	288.89	286.9	330	0.0	0.0	0.0	0.0	0.0	0.0	0.0	0.0	0.0	0.0	0.0	0.0	0.0	0.0	0.0	0.0	0.0
50282	1665742650	1665743596	288.89	286.9	45	0.0	0.0	0.0	0.0	0.0	0.0	0.0	0.0	0.0	0.0	0.0	0.0	0.0	0.0	0.0	0.0	0.0
50283	1665744484	1665746045	290.46	0.0	70	0.0	0.0	0.0	0.0	0.0	0.0	0.0	0.0	0.0	0.0	0.0	0.0	0.0	0.0	0.0	0.0	0.0
50284	1665746111	1665802963	290.46	287.93	3020	6900000000.0	236.0	-162.0	0.4952	-1.829	-9.466267765292702	-1.0511297646501656	0.8709454031249441	0.015871028552746854	37.22	0.118	37.32	0.207	37.31	0.195	37.2	0.099
50285	1665803225	1665816444	290.46	288.37	675	1470000000.0	224.0	-158.0	0.4616	-1.723	-9.126741999326466	-0.9945543914233427	0.8635657186538938	0.024227443938192563	37.42	0.306	37.45	0.336	37.43	0.31	37.45	0.331
50290	1665819203	1665826921	290.46	288.37	405	920000000.0	232.0	-158.0	0.5482	-1.727	-10.443989290379909	-0.9503520939741801	0.8669124137596113	0.02097827956875081	37.42	0.3	37.44	0.319	37.42	0.304	37.44	0.324
50291	1665826971	1665865213	290.46	288.37	2055	3800000000.0	240.0	-170.0	0.4789	-1.776	-9.244217337742391	-1.3466221179474753	0.8604850468077332	0.016812432906285122	37.2	0.1	37.3	0.189	37.28	0.166	37.23	0.122
50293	1665866056	1665885369	288.89	286.9	610	1000000000.0	224.0	-158.0	-1.709	-0.8506	-9.345175275680152	-1.1941184142653332	0.864850672482336	0.013345416297924032	37.32	0.211	37.35	0.239	37.27	0.157	37.33	0.219
50294	1665885406	1665943899	288.89	286.9	3140	6200000000.0	248.0	-170.0	0.5046	-1.835	-9.210317418319686	-1.3440494923038022	0.860995448207037	0.025144925964612642	37.42	0.3	37.37	0.256	37.39	0.276	37.39	0.278
50295	1665943975	1665958235	288.89	286.9	710	850000000.0	232.0	-162.0	-0.0495	-1.281	-9.078288427892813	-0.5680053061912577	0.8631438141902045	0.019135642309968053	37.22	0.117	37.23	0.124	37.21	0.105	37.04	-0.053
50296	1665958277	1665962167	288.89	286.9	205	0.0	0.0	0.0	0.0	0.0	0.0	0.0	0.0	0.0	0.0	0.0	0.0	0.0	0.0	0.0	0.0	0.0
50297	1665962206	1665963183	288.89	286.9	40	0.0	0.0	0.0	0.0	0.0	0.0	0.0	0.0	0.0	0.0	0.0	0.0	0.0	0.0	0.0	0.0	0.0
50298	1665963248	1665968308	287.32	285.13	150	0.0	0.0	0.0	0.0	0.0	0.0	0.0	0.0	0.0	0.0	0.0	0.0	0.0	0.0	0.0	0.0	0.0
50305	1665974382	1665989705	288.89	286.9	790	1600000000.0	244.0	-162.0	0.3995	-1.6130000000000002	-9.169271011557537	-1.3968853814698934	0.8661184177827218	0.02182232106524868	37.39	0.274	37.39	0.277	37.39	0.278	37.4	0.28800000000000003
50306	1665989811	1665999910	287.32	285.13	475	1200000000.0	236.0	-158.0	-0.5608	-1.617	-11.668074194775226	-1.0094465041932164	0.8699765159525922	0.02302012241299551	37.38	0.263	37.39	0.278	37.39	0.275	37.39	0.272
50307	1666002414	1666059924	287.32	285.13	3030	7200000000.0	256.0	-178.0	-0.4218	-1.711	-11.824614545885543	-1.0258642639218345	0.8645371978388383	0.027085058384543132	37.21	0.103	37.25	0.14300000000000002	37.23	0.121	37.16	0.059
50308	1666060034	1666077340	287.32	285.13	910	2160000000.0	244.0	-162.0	-0.39	-1.671	-11.706762022631107	-1.2719735411659903	0.8655216945872549	0.027267365416099653	37.45	0.33	37.45	0.334	37.45	0.331	37.49	0.3720000000000001
50309	1666077408	1666078497	295.17	292.5	10	0.0	0.0	0.0	0.0	0.0	0.0	0.0	0.0	0.0	0.0	0.0	0.0	0.0	0.0	0.0	0.0	0.0
50311	1666079049	1666080805	295.17	293.09	90	0.0	0.0	0.0	0.0	0.0	0.0	0.0	0.0	0.0	0.0	0.0	0.0	0.0	0.0	0.0	0.0	0.0
50312	1666080934	1666136816	295.17	292.79	2985	6600000000.0	244.0	-166.0	-0.4972	-1.626	-12.425589324148849	-0.9903435913042506	0.8743921682281869	0.01594216020421229	0.0	0.0	0.0	0.0	0.0	0.0	0.0	0.0
50313	1666136861	1666166710	295.17	292.79	1575	3520000000.0	240.0	-162.0	-0.4892	-1.584	-12.244572564658398	-1.2671099835348894	0.8676554957822217	0.02274381936842099	0.0	0.0	0.0	0.0	0.0	0.0	0.0	0.0
50316	1666169669	1666173577	295.17	292.79	205	500000000.0	240.0	-162.0	-0.4812	-1.646	-12.95668234292557	-1.0995890999810825	0.8681448836839983	0.02248951223000155	0.0	0.0	0.0	0.0	0.0	0.0	0.0	0.0
50317	1666174476	1666176188	295.17	292.79	55	0.0	0.0	0.0	0.0	0.0	0.0	0.0	0.0	0.0	0.0	0.0	0.0	0.0	0.0	0.0	0.0	0.0
50318	1666176339	1666176796	295.17	292.79	20	0.0	0.0	0.0	0.0	0.0	0.0	0.0	0.0	0.0	0.0	0.0	0.0	0.0	0.0	0.0	0.0	0.0
50319	1666176928	1666179084	295.17	292.79	105	0.0	0.0	0.0	0.0	0.0	0.0	0.0	0.0	0.0	0.0	0.0	0.0	0.0	0.0	0.0	0.0	0.0
50320	1666179311	1666182406	293.68	292.79	35	0.0	0.0	0.0	0.0	0.0	0.0	0.0	0.0	0.0	0.0	0.0	0.0	0.0	0.0	0.0	0.0	0.0
50321	1666182629	1666237749	293.6	291.32	2950	6600000000.0	248.0	-170.0	-0.4764	-1.584	-12.765586710319175	-1.275970513303946	0.8764081989951551	0.013836307325539324	0.0	0.0	0.0	0.0	0.0	0.0	0.0	0.0
50322	1666238013	1666250763	293.6	291.32	665	1320000000.0	240.0	-162.0	-0.4646	-1.597	-12.988869759548061	-1.3740211418328951	0.8661743631905102	0.03056766828539687	0.0	0.0	0.0	0.0	0.0	0.0	0.0	0.0
50323	1666251535	1666270341	293.6	291.32	1010	2200000000.0	244.0	-166.0	-0.4927	-1.5530000000000002	-13.116870900778988	-1.0452102082165138	0.8711788942102436	0.0240203369893153	37.3	0.189	37.32	0.205	37.31	0.196	37.29	0.183
50324	1666271202	1666272473	292.03	289.85	60	0.0	0.0	0.0	0.0	0.0	0.0	0.0	0.0	0.0	0.0	0.0	0.0	0.0	0.0	0.0	0.0	0.0
50325	1666272614	1666329810	292.03	289.85	3015	7200000000.0	256.0	-174.0	-0.4924	-1.543	-12.654902712537597	-1.2295639966688559	0.8684755906721648	0.025286218794487086	37.28	0.16699999999999998	37.34	0.225	37.33	0.221	37.31	0.202
50326	1666330034	1666357996	292.03	289.85	1500	3450000000.0	244.0	-166.0	-0.4832	-1.595	-12.858692934946339	-1.3271700887857012	0.8668024698728312	0.028302477978969044	37.5	0.383	37.52	0.401	37.46	0.338	37.5	0.379
50327	1666358051	1666362551	292.03	289.85	235	0.0	0.0	0.0	0.0	0.0	0.0	0.0	0.0	0.0	0.0	0.0	0.0	0.0	0.0	0.0	0.0	0.0
50328	1666362630	1666391858	284.49	282.34	1520	3600000000.0	244.0	-170.0	-0.4258	-1.673	-12.920705615878642	-0.6403432321236273	0.8745242580106154	0.020101995735220226	37.15	0.044	37.28	0.16699999999999998	37.25	0.138	37.16	0.056
50329	1666392473	1666421618	284.49	282.34	1525	3750000000.0	232.0	-158.0	-0.4183	-1.662	-12.93927192954954	-0.6610706136839045	0.8758928558967712	0.02777389372612732	37.14	0.038	37.18	0.073	37.16	0.053	37.1	0.004
50330	1666421898	1666448416	284.49	282.34	1415	3880000000.0	236.0	-162.0	-0.4272	-1.716	-12.964454726178188	-0.600763510322346	0.8955462986282188	0.0016962565395837734	37.05	-0.051	37.12	0.016	37.1	0.002	36.95	-0.139
50331	1666448583	1666452276	284.49	282.34	195	535000000.0	204.0	-150.0	-0.453	-1.6369999999999998	-12.614984029867534	-0.334663107542456	0.88748305467344	0.015043334617948871	37.11	0.005	37.11	0.006999999999999999	37.11	0.006999999999999999	37.08	-0.022
50332	1666452338	1666455737	284.49	282.34	180	0.0	0.0	0.0	0.0	0.0	0.0	0.0	0.0	0.0	0.0	0.0	0.0	0.0	0.0	0.0	0.0	0.0
50333	1666455785	1666458934	282.92	280.86	165	0.0	0.0	0.0	0.0	0.0	0.0	0.0	0.0	0.0	0.0	0.0	0.0	0.0	0.0	0.0	0.0	0.0
50334	1666458977	1666487240	282.92	280.86	1510	3450000000.0	232.0	-166.0	-0.4185	-1.602	-12.926636321231356	-0.9252979631786163	0.8754963406671112	0.023084145754549867	37.06	-0.041	37.1	-0.002	37.09	-0.006	37.07	-0.027000000000000003
50335	1666487388	1666520331	282.92	280.86	1770	3780000000.0	232.0	-170.0	-0.3673	-1.588	-12.572297382193971	-0.9204565369145342	0.8736212975618857	0.023566294252166508	37.04	-0.061	37.08	-0.023	37.07	-0.029	37.05	-0.043
50336	1666520455	1666549542	282.92	280.86	1525	2940000000.0	236.0	-166.0	-0.4118	-1.5619999999999998	-12.768758513500524	-0.8015235649213827	0.8616405936863838	0.03596822315987855	37.1	0.001	37.09	-0.009000000000000001	37.09	-0.01	37.08	-0.023
50337	1666549608	1666554780	282.92	280.86	275	0.0	0.0	0.0	0.0	0.0	0.0	0.0	0.0	0.0	0.0	0.0	0.0	0.0	0.0	0.0	0.0	0.0
50338	1666554826	1666595895	281.03	278.95	2195	5250000000.0	244.0	-166.0	-0.3561	-1.628	-12.910587134066477	-1.3292388416953809	0.878441301471991	0.02247469309711526	37.36	0.246	37.33	0.22	37.34	0.229	37.32	0.207
50343	1666597972	1666637563	281.03	0.0	2105	4620000000.0	256.0	-178.0	-0.4599	-1.57	-13.075113634932078	0.013531579016327403	0.878441301471991	0.02375106901510968	37.3	0.189	37.34	0.224	37.32	0.21	37.28	0.16699999999999998
50344	1666638295	1666638295	281.03	279.09	1140	0.0	0.0	0.0	0.0	0.0	0.0	0.0	0.0	0.0	0.0	0.0	0.0	0.0	0.0	0.0	0.0	0.0
50345	1666666677	1666667166	281.03	279.09	5	0.0	0.0	0.0	0.0	0.0	0.0	0.0	0.0	0.0	0.0	0.0	0.0	0.0	0.0	0.0	0.0	0.0
50349	1666671368	1666675678	281.03	279.09	200	0.0	0.0	0.0	0.0	0.0	0.0	0.0	0.0	0.0	0.0	0.0	0.0	0.0	0.0	0.0	0.0	0.0
50350	1666677441	1666691938	279.46	277.62	750	1400000000.0	240.0	-162.0	-0.7351	-1.679	-15.19304613961843	0.9606040608973324	0.8708556778825033	0.025993668261610828	37.45	0.331	37.42	0.307	37.31	0.203	37.46	0.34
50351	1666694481	1666738981	279.46	277.33	1785	4250000000.0	248.0	-170.0	-0.6017	-1.747	-15.153628853672235	1.1163694429440723	0.8775231429870826	0.020019612141572198	37.19	0.08900000000000001	37.2	0.099	37.23	0.126	37.18	0.08
50357	1666741242	1666741703	279.46	277.33	5	0.0	0.0	0.0	0.0	0.0	0.0	0.0	0.0	0.0	0.0	0.0	0.0	0.0	0.0	0.0	0.0	0.0
50359	1666742875	1666779617	279.46	277.33	1970	5000000000.0	260.0	-178.0	-0.5747	-1.771	-14.900173059544315	0.7894020484297676	0.8762809229538451	0.0197445887549749	37.4	0.284	37.39	0.275	37.4	0.28600000000000003	37.41	0.29600000000000004
50360	1666779939	1666825150	279.46	277.33	2420	6000000000.0	252.0	-170.0	-0.4508	-1.778	-14.491579399705644	0.9222938544833689	0.873844925831868	0.020426515123966246	37.23	0.125	37.26	0.149	37.25	0.139	37.16	0.06
50361	1666825192	1666871995	277.89	275.85	2120	4200000000.0	252.0	-170.0	-0.4388	-1.731	-14.439129623732667	1.0996843135533958	0.8771839120330169	0.021207484230211557	37.34	0.232	37.38	0.266	37.34	0.226	37.35	0.242
50362	1666872203	1666928990	276.32	274.38	3005	7500000000.0	256.0	-178.0	-0.6965	-1.737	-15.475070496896373	0.7307254036834013	0.8717751880301572	0.026257074094425587	37.27	0.16	37.32	0.204	37.33	0.221	37.28	0.16899999999999998
50363	1666929128	1666931022	276.32	274.29	70	0.0	0.0	0.0	0.0	0.0	0.0	0.0	0.0	0.0	0.0	0.0	0.0	0.0	0.0	0.0	0.0	0.0
50364	1666938895	1666970736	276.32	0.0	1580	3520000000.0	252.0	-170.0	-0.7069	-1.702	-15.250665923592098	0.47610590566287364	0.8746842114893083	0.019040103693471724	37.35	0.239	37.35	0.242	37.39	0.278	37.34	0.225
50365	1666970962	1667028779	275.22	272.82	3090	7500000000.0	256.0	-174.0	-0.585	-1.7080000000000002	-14.592752956254067	0.997470461257918	0.8746842114893083	0.022570541919888592	37.26	0.151	37.32	0.206	37.34	0.229	37.26	0.155
50366	1667028858	1667056851	275.22	272.82	1485	3000000000.0	248.0	-170.0	-0.5957	-1.709	-14.902605133117525	0.9303640098262752	0.8659170088644126	0.03074619436758176	37.37	0.254	37.42	0.305	37.4	0.289	37.37	0.257
50367	1667056986	1667058580	275.22	272.82	80	0.0	0.0	0.0	0.0	0.0	0.0	0.0	0.0	0.0	0.0	0.0	0.0	0.0	0.0	0.0	0.0	0.0
50368	1667058696	1667099861	273.65	271.35	2190	5500000000.0	256.0	-174.0	-0.1431	-1.776	-13.383337591252706	1.4856201189185856	0.8745500821495489	0.020445585357854283	37.33	0.222	37.4	0.28	37.34	0.232	37.34	0.228
50369	1667103551	1667131368	273.65	271.35	1490	3300000000.0	256.0	-174.0	-0.1586	-1.7619999999999998	-13.384758728498163	1.2355006671566222	0.8730558679609275	0.02298018961563474	37.45	0.328	37.43	0.31	37.42	0.306	37.45	0.337
50370	1667131441	1667145960	273.65	271.35	760	1760000000.0	240.0	-162.0	-0.2074	-1.6980000000000002	-13.28146069912523	1.530646081635713	0.8809492794990247	0.017352893765887896	37.18	0.078	37.37	0.254	37.23	0.122	37.27	0.166
50371	1667146109	1667203296	272.08	269.88	3055	6900000000.0	256.0	-174.0	-0.3429	-1.855	-14.203699643093875	1.7113831059118125	0.8782829405661776	0.020656023006072718	37.34	0.231	37.42	0.306	37.41	0.297	37.35	0.238
50372	1667203427	1667223045	272.08	269.67	1025	2300000000.0	252.0	-174.0	-0.3797	-1.788	-14.235330225701349	1.9159346563146726	0.8771127473260931	0.018566223102710545	37.33	0.221	37.4	0.281	37.38	0.264	37.33	0.21600000000000005
50373	1667223477	1667225740	272.08	269.67	115	240000000.0	232.0	-162.0	-0.2391	-1.76	-13.908382912318693	1.3692600372615285	0.8940870385601314	0.0061033838258304565	37.29	0.179	37.34	0.227	37.32	0.204	37.26	0.154
50374	1667225790	1667227977	272.08	269.67	110	230000000.0	212.0	-154.0	-0.2795	-1.464	-13.388831343116655	1.8549783577209893	0.8774030012031825	0.01370038121839215	37.26	0.149	37.31	0.202	37.3	0.187	37.25	0.147
50375	1667229053	1667235194	272.08	269.67	325	680000000.0	240.0	-170.0	-0.6111	-1.899	-14.753219768520891	2.211624217173373	0.8772932220825461	0.02296688575814608	37.21	0.106	37.31	0.202	37.29	0.17600000000000002	37.22	0.11
50376	1667235484	1667235484	270.51	267.99	665	1610000000.0	244.0	-166.0	-0.4651	-1.917	-15.132236108789346	1.7787151617752845	0.8734899923749755	0.025966873602779068	0.0	0.0	0.0	0.0	0.0	0.0	0.0	0.0
50377	1667250151	1667251320	270.51	268.15	5	0.0	0.0	0.0	0.0	0.0	0.0	0.0	0.0	0.0	0.0	0.0	0.0	0.0	0.0	0.0	0.0	0.0
50378	1667251871	1667278705	270.51	268.15	1430	3360000000.0	252.0	-174.0	-0.4273	-1.933	-14.473466540377045	2.034221021863563	0.87707304085421	0.01852166100010328	37.46	0.344	37.52	0.401	37.54	0.414	37.54	0.422
50379	1667278796	1667320684	270.51	268.15	2200	5500000000.0	256.0	-174.0	-0.4633	-1.911	-14.891340650055357	2.2914707969720167	0.8727530790786779	0.027039197721787568	37.45	0.332	37.51	0.387	37.49	0.374	37.41	0.297
50380	1667320752	1667321564	270.51	268.15	40	0.0	0.0	0.0	0.0	0.0	0.0	0.0	0.0	0.0	0.0	0.0	0.0	0.0	0.0	0.0	0.0	0.0
50381	1667321618	1667378166	268.94	266.58	3015	7200000000.0	256.0	-174.0	-0.585	-2.024	-15.328508301988265	2.5638483701376784	0.8756042239904812	0.01856169344660617	37.4	0.28300000000000003	37.44	0.327	37.41	0.298	37.41	0.298
50382	1667378371	1667406175	268.94	266.58	1480	3600000000.0	248.0	-170.0	-0.5577	-2.022	-15.498840587447589	2.5172770666817943	0.8833725502668697	0.016996896774727058	37.39	0.271	37.46	0.338	37.44	0.326	37.37	0.255
50383	1667406643	1667463071	267.37	264.96	3000	6900000000.0	252.0	-174.0	-0.2562	-2.032	-14.422155101402499	2.9150611076074666	0.8770572465965586	0.021901994583056108	37.37	0.255	37.42	0.3	37.41	0.298	37.36	0.245
50384	1667463159	1667494363	267.37	265.1	1675	4250000000.0	256.0	-178.0	-0.2806	-2.109	-15.002290867056407	2.903044468665722	0.8583099131849747	0.04270700129447632	37.33	0.223	37.39	0.274	37.38	0.264	37.3	0.193
50385	1667496288	1667548522	267.37	265.1	2635	0.0	0.0	0.0	0.0	0.0	0.0	0.0	0.0	0.0	0.0	0.0	0.0	0.0	0.0	0.0	0.0	0.0
50386	1667567255	1667567447	267.68	265.1	5	0.0	0.0	0.0	0.0	0.0	0.0	0.0	0.0	0.0	0.0	0.0	0.0	0.0	0.0	0.0	0.0	0.0
50387	1667568758	1667569486	267.68	265.1	5	0.0	0.0	0.0	0.0	0.0	0.0	0.0	0.0	0.0	0.0	0.0	0.0	0.0	0.0	0.0	0.0	0.0
50388	1667661800	1667665939	267.53	265.1	215	0.0	0.0	0.0	0.0	0.0	0.0	0.0	0.0	0.0	0.0	0.0	0.0	0.0	0.0	0.0	0.0	0.0
50389	1667666084	1667711743	265.96	264.18	2430	5750000000.0	260.0	-178.0	-0.04439	-1.856	-6.5665000325640825	3.457816280747598	0.8809903961279871	0.019638736407455976	37.28	0.16899999999999998	37.39	0.279	37.37	0.255	37.32	0.206
50390	1667712138	1667740227	265.96	264.18	1505	3750000000.0	244.0	-166.0	-0.0839	-1.836	-6.6595591346952965	3.836198989428788	0.8814904566953665	0.01867474908587237	36.93	-0.157	37.09	-0.009000000000000001	37.05	-0.043	37.04	-0.055
50391	1667740313	1667750991	265.96	264.18	560	1250000000.0	244.0	-162.0	-0.0004667	-1.868	-6.367240123920179	2.8859146437315237	0.8801218800501232	0.01974116742821729	37.28	0.168	37.46	0.34	37.47	0.34700000000000003	37.36	0.25
50392	1667751399	1667752670	264.38	262.7	65	0.0	0.0	0.0	0.0	0.0	0.0	0.0	0.0	0.0	0.0	0.0	0.0	0.0	0.0	0.0	0.0	0.0
50393	1667752763	1667809334	264.38	262.45	3005	7200000000.0	256.0	-174.0	-0.4897	-1.919	-8.665469334825834	3.2657006558025152	0.877995255356537	0.023634230999328282	37.09	-0.006999999999999999	37.21	0.107	37.18	0.076	37.09	-0.011
50394	1667809623	1667836728	264.38	262.45	1440	3220000000.0	256.0	-174.0	-0.4872	-1.944	-8.865969908909044	3.620398625164637	0.8784850394721703	0.023907945322994825	36.58	-0.495	36.68	-0.399	36.66	-0.419	36.55	-0.519
50395	1667836935	1667837697	264.38	262.45	35	0.0	0.0	0.0	0.0	0.0	0.0	0.0	0.0	0.0	0.0	0.0	0.0	0.0	0.0	0.0	0.0	0.0
50396	1667837884	1667885641	262.81	260.79	2350	5520000000.0	256.0	-174.0	-0.5947	-1.942	-9.1207442397586	3.9003922705922895	0.8772029669561588	0.02172569080617788	36.92	-0.17	36.89	-0.199	36.92	-0.17	36.94	-0.154
50397	1667886584	1667906503	262.81	260.79	1060	2200000000.0	260.0	-178.0	-0.5964	-1.892	-9.421959363808734	3.713508771578303	0.8823426630223946	0.017536151005288575	36.7	-0.378	36.64	-0.436	36.69	-0.385	36.64	-0.439
50398	1667906883	1667937824	262.81	260.79	1630	2940000000.0	260.0	-178.0	-0.5964	-1.959	-9.626099648999574	4.347098787403802	0.8683729315926089	0.026781166801056817	37.09	-0.006999999999999999	37.01	-0.087	37.07	-0.026	37.16	0.054000000000000006
50399	1667938159	1667938998	261.24	260.79	45	0.0	0.0	0.0	0.0	0.0	0.0	0.0	0.0	0.0	0.0	0.0	0.0	0.0	0.0	0.0	0.0	0.0
50400	1667939222	1667995498	261.24	259.32	3015	7200000000.0	256.0	-174.0	-0.2761	-1.951	-8.382407022696038	4.417361727098267	0.8734472663858266	0.02430630864664252	37.1	-0.001	37.08	-0.018000000000000002	37.09	-0.01	37.06	-0.037000000000000005
50401	1667995820	1668016757	261.24	259.32	1120	2750000000.0	256.0	-174.0	-0.2978	-2.12	-8.582653442584375	4.386100564530692	0.8694498281083645	0.02315990623721554	37.31	0.2	37.24	0.136	37.25	0.14	37.3	0.193
50402	1668016909	1668017839	261.24	259.61	45	0.0	0.0	0.0	0.0	0.0	0.0	0.0	0.0	0.0	0.0	0.0	0.0	0.0	0.0	0.0	0.0	0.0
50403	1668018012	1668018561	261.24	259.9	30	0.0	0.0	0.0	0.0	0.0	0.0	0.0	0.0	0.0	0.0	0.0	0.0	0.0	0.0	0.0	0.0	0.0
50404	1668018728	1668019278	261.24	260.2	30	0.0	0.0	0.0	0.0	0.0	0.0	0.0	0.0	0.0	0.0	0.0	0.0	0.0	0.0	0.0	0.0	0.0
50405	1668019468	1668020091	261.24	260.49	30	0.0	0.0	0.0	0.0	0.0	0.0	0.0	0.0	0.0	0.0	0.0	0.0	0.0	0.0	0.0	0.0	0.0
50406	1668020263	1668020725	261.24	259.02	25	0.0	0.0	0.0	0.0	0.0	0.0	0.0	0.0	0.0	0.0	0.0	0.0	0.0	0.0	0.0	0.0	0.0
50407	1668020900	1668021311	261.24	258.73	25	0.0	0.0	0.0	0.0	0.0	0.0	0.0	0.0	0.0	0.0	0.0	0.0	0.0	0.0	0.0	0.0	0.0
50408	1668021462	1668021925	261.24	258.43	25	0.0	0.0	0.0	0.0	0.0	0.0	0.0	0.0	0.0	0.0	0.0	0.0	0.0	0.0	0.0	0.0	0.0
50409	1668022091	1668022442	261.24	258.14	20	0.0	0.0	0.0	0.0	0.0	0.0	0.0	0.0	0.0	0.0	0.0	0.0	0.0	0.0	0.0	0.0	0.0
50410	1668022596	1668026942	261.24	258.14	235	0.0	0.0	0.0	0.0	0.0	0.0	0.0	0.0	0.0	0.0	0.0	0.0	0.0	0.0	0.0	0.0	0.0
50411	1668027109	1668032705	261.24	259.32	305	720000000.0	240.0	-162.0	-0.2538	-2.016	-8.785189152162937	4.57236018610203	0.8786972943607103	0.022084012005541845	37.34	0.224	37.29	0.184	37.29	0.183	37.32	0.209
50412	1668032852	1668036556	261.24	259.32	200	0.0	0.0	0.0	0.0	0.0	0.0	0.0	0.0	0.0	0.0	0.0	0.0	0.0	0.0	0.0	0.0	0.0
50413	1668036704	1668041645	261.24	259.32	270	0.0	0.0	0.0	0.0	0.0	0.0	0.0	0.0	0.0	0.0	0.0	0.0	0.0	0.0	0.0	0.0	0.0
50414	1668041960	1668066081	261.24	259.32	1290	0.0	0.0	0.0	0.0	0.0	0.0	0.0	0.0	0.0	37.17	0.067	37.2	0.097	37.2	0.091	37.19	0.087
50415	1668069856	1668077394	211.51	208.93	380	0.0	0.0	0.0	0.0	0.0	0.0	0.0	0.0	0.0	0.0	0.0	0.0	0.0	0.0	0.0	0.0	0.0
50416	1668077993	1668090180	211.51	210.32	640	1500000000.0	232.0	-162.0	-0.7739	-2.1630000000000003	-8.884738772674467	3.79781688766606	0.8801968429060479	0.027625453684222426	0.0	0.0	0.0	0.0	0.0	0.0	0.0	0.0
50417	1668093443	1668160840	211.51	210.32	3610	9000000000.0	248.0	-170.0	-0.6929	-2.2880000000000003	-8.102389471771566	4.168440741051465	0.8801968429060479	0.0013242056277328676	0.0	0.0	0.0	0.0	0.0	0.0	0.0	0.0
50418	1668161602	1668164783	209.94	208.85	0	0.0	0.0	0.0	0.0	0.0	0.0	0.0	0.0	0.0	0.0	0.0	0.0	0.0	0.0	0.0	0.0	0.0
50419	1668165476	1668210126	209.94	208.85	2410	5760000000.0	244.0	-166.0	-0.9209	-2.609	-8.232469434429376	5.546227449010592	0.9005745750538665	0.010334328297900914	0.0	0.0	0.0	0.0	0.0	0.0	0.0	0.0
50420	1668210326	1668246383	209.94	208.85	1915	4370000000.0	236.0	-162.0	-0.9038	-2.654	-9.189225415868368	5.2031074206477275	0.8996887718458224	0.01623146431073965	0.0	0.0	0.0	0.0	0.0	0.0	0.0	0.0
50421	1668247188	1668250506	209.94	208.85	0	0.0	0.0	0.0	0.0	0.0	0.0	0.0	0.0	0.0	0.0	0.0	0.0	0.0	0.0	0.0	0.0	0.0
50422	1668250759	1668264516	208.37	207.38	725	1750000000.0	236.0	-158.0	-0.7726	-1.948	-7.656736456754465	6.350284893707689	0.9058780981772591	0.008335144266154101	0.0	0.0	0.0	0.0	0.0	0.0	0.0	0.0
50423	1668445039	1668445060	208.37	0.0	0	0.0	0.0	0.0	0.0	0.0	0.0	0.0	0.0	0.0	0.0	0.0	0.0	0.0	0.0	0.0	0.0	0.0
50424	1668772461	1668801254	0.0	0.0	0	0.0	0.0	0.0	0.0	0.0	0.0	0.0	0.0	0.0	0.0	0.0	0.0	0.0	0.0	0.0	0.0	0.0
50425	1669110469	1669110643	208.37	207.38	0	0.0	0.0	0.0	0.0	0.0	0.0	0.0	0.0	0.0	0.0	0.0	0.0	0.0	0.0	0.0	0.0	0.0
50426	1669111635	1669111832	208.37	207.38	0	0.0	0.0	0.0	0.0	0.0	0.0	0.0	0.0	0.0	0.0	0.0	0.0	0.0	0.0	0.0	0.0	0.0
50427	1669112436	1669112866	208.37	207.38	0	0.0	0.0	0.0	0.0	0.0	0.0	0.0	0.0	0.0	0.0	0.0	0.0	0.0	0.0	0.0	0.0	0.0
50428	1669113686	1669115479	208.37	207.38	0	0.0	0.0	0.0	0.0	0.0	0.0	0.0	0.0	0.0	0.0	0.0	0.0	0.0	0.0	0.0	0.0	0.0
50429	1669115735	1669152894	208.37	207.67	1150	2300000000.0	244.0	-170.0	-0.7249	-1.5630000000000002	-6.410949022318891	8.118862772862954	0.9238503394809072	0.0046271145577773815	0.0	0.0	0.0	0.0	0.0	0.0	0.0	0.0
50430	1669154832	1669220500	208.37	207.67	3550	9200000000.0	248.0	-174.0	-0.5693	-1.949	-7.785303438519434	7.753950442272945	0.9175326238744163	0.006367671029571936	0.0	0.0	0.0	0.0	0.0	0.0	0.0	0.0
50431	1669220871	1669223893	206.8	206.2	0	0.0	0.0	0.0	0.0	0.0	0.0	0.0	0.0	0.0	0.0	0.0	0.0	0.0	0.0	0.0	0.0	0.0
50432	1669224216	1669280049	206.8	206.2	3005	7500000000.0	240.0	-166.0	-0.3455	-1.846	-6.997156171356416	8.511425304568606	0.9185596508244424	0.011166229635730086	0.0	0.0	0.0	0.0	0.0	0.0	0.0	0.0
50433	1669280280	1669299501	206.8	206.2	1030	2500000000.0	240.0	-170.0	-0.4328	-1.82	-7.766464227452313	8.486802458540806	0.9124296799224055	0.012445884677820913	0.0	0.0	0.0	0.0	0.0	0.0	0.0	0.0
50434	1669299712	1669302890	206.8	206.2	0	0.0	0.0	0.0	0.0	0.0	0.0	0.0	0.0	0.0	0.0	0.0	0.0	0.0	0.0	0.0	0.0	0.0
50435	1669303155	1669378332	205.23	204.58	3925	8970000000.0	240.0	-166.0	-0.7522	-1.565	-8.711641972948577	6.961861691133844	0.914566428780917	0.01482117486528019	0.0	0.0	0.0	0.0	0.0	0.0	0.0	0.0
50436	1669384382	1669386515	292.66	294.26	0	0.0	0.0	0.0	0.0	0.0	0.0	0.0	0.0	0.0	0.0	0.0	0.0	0.0	0.0	0.0	0.0	0.0
50437	1669386918	1669458653	292.66	291.1	3835	9000000000.0	252.0	-174.0	-0.4473	-0.9938	-6.128448487486177	-1.8571104243100118	0.9099217628061085	0.016202432083829044	35.74	-1.288	35.74	-1.293	35.74	-1.291	35.73	-1.3030000000000002
50438	1669458961	1669476825	292.66	291.1	960	2250000000.0	244.0	-166.0	-0.4107	-0.963	-6.290440383277383	-1.8045276368288083	0.907865462443257	0.02027245107174375	35.83	-1.21	35.82	-1.215	35.82	-1.216	35.81	-1.228
50439	1669477260	1669478229	291.09	289.63	0	0.0	0.0	0.0	0.0	0.0	0.0	0.0	0.0	0.0	0.0	0.0	0.0	0.0	0.0	0.0	0.0	0.0
50440	1669478542	1669535812	291.09	289.63	3085	7200000000.0	252.0	-174.0	-0.5845	-1.036	-7.564180202984493	-2.40114976337365	0.9110167457691605	0.018719711656249232	35.62	-1.4069999999999998	35.63	-1.393	35.61	-1.42	35.58	-1.443
50441	1669536074	1669568440	291.09	289.63	1610	3300000000.0	268.0	-190.0	-0.7281	-0.8819	-7.585573502236094	-2.5253418124314493	0.9048607276617492	0.030196800865077218	35.51	-1.507	35.52	-1.5019999999999998	35.51	-1.5119999999999998	35.51	-1.513
50442	1669569548	1669570848	289.52	288.15	0	0.0	0.0	0.0	0.0	0.0	0.0	0.0	0.0	0.0	0.0	0.0	0.0	0.0	0.0	0.0	0.0	0.0
50443	1669571242	1669637790	289.52	288.15	3520	7700000000.0	252.0	-174.0	-0.4051	-1.165	-6.8080267902676965	-0.13653555495260356	0.9153440975790077	0.01366275355018096	35.5	-1.5219999999999998	35.51	-1.507	35.49	-1.527	35.46	-1.56
50444	1669638056	1669658508	289.52	288.15	1095	2200000000.0	252.0	-174.0	-0.3916	-1.139	-6.4204594406384325	-0.05282515893697294	0.9152745439506975	0.014570175513366203	35.53	-1.493	35.54	-1.486	35.53	-1.492	35.49	-1.528
50445	1669658753	1669660149	289.52	288.15	0	0.0	0.0	0.0	0.0	0.0	0.0	0.0	0.0	0.0	0.0	0.0	0.0	0.0	0.0	0.0	0.0	0.0
50446	1669660512	1669724213	287.95	286.68	3200	7040000000.0	256.0	-178.0	-0.3932	-1.164	-6.397270800375928	0.08064248153513227	0.9139874093570489	0.0175465277509163	35.48	-1.543	35.5	-1.521	35.49	-1.5319999999999998	35.44	-1.575
50447	1669724615	1669790339	287.95	286.68	3425	7480000000.0	264.0	-186.0	-0.3546	-1.144	-6.197285260820308	-0.8557289588441438	0.9186269070756168	0.010964915035595107	35.64	-1.382	35.63	-1.392	35.63	-1.398	35.61	-1.413
50448	1669791310	1669793938	286.37	285.21	0	0.0	0.0	0.0	0.0	0.0	0.0	0.0	0.0	0.0	0.0	0.0	0.0	0.0	0.0	0.0	0.0	0.0
50449	1669794254	1669812972	286.37	284.91	0	0.0	0.0	0.0	0.0	0.0	0.0	0.0	0.0	0.0	0.0	0.0	0.0	0.0	0.0	0.0	0.0	0.0
50452	1670008439	1670064330	286.37	285.574	3005	7500000000.0	244.0	-174.0	-0.4136	-1.753	-6.697789391461277	0.1528356990845373	0.9046192028298405	0.030444430112915862	35.86	-1.178	35.73	-1.3030000000000002	35.85	-1.1840000000000002	35.99	-1.057
50453	1670064796	1670088668	286.37	295.574	1215	3000000000.0	256.0	-182.0	-0.4213	-1.681	-6.624588899509599	0.04885457995903803	0.8664879057512976	0.0282007226492336	36.06	-0.988	35.96	-1.079	36.08	-0.968	36.2	-0.857
50454	1670088911	1670089678	286.37	285.25	0	0.0	0.0	0.0	0.0	0.0	0.0	0.0	0.0	0.0	0.0	0.0	0.0	0.0	0.0	0.0	0.0	0.0
50455	1670089894	1670146365	284.8	283.63	3035	7500000000.0	248.0	-174.0	-0.4683	-1.7719999999999998	-7.53867830409612	1.0194897370206932	0.899554888198493	0.02488220665313386	36.23	-0.826	36.16	-0.893	36.27	-0.7909999999999999	36.37	-0.6890000000000001
50456	1670146643	1670153287	284.8	283.63	300	750000000.0	216.0	-162.0	-0.4436	-1.499	-6.775514177171808	0.9991383635828204	0.9037049551554777	0.011301911593975922	36.29	-0.765	36.22	-0.833	36.32	-0.737	36.41	-0.6559999999999999
50457	1670153970	1670155138	284.8	283.63	0	0.0	0.0	0.0	0.0	0.0	0.0	0.0	0.0	0.0	0.0	0.0	0.0	0.0	0.0	0.0	0.0	0.0
50458	1670155373	1670209333	283.23	282.01	2845	6720000000.0	252.0	-174.0	-0.4519	-2.021	-7.482370265859027	1.5959656160510072	0.905537785345184	0.0158288518122804	36.54	-0.5329999999999999	36.44	-0.627	36.55	-0.525	36.67	-0.413
50459	1670209607	1670225614	283.23	282.01	780	1920000000.0	232.0	-166.0	-0.4357	-2.007	-7.3567164254643	1.9647197952450162	0.9070947048729222	0.01627417970072956	36.6	-0.472	36.51	-0.565	36.61	-0.469	36.71	-0.3670000000000001
50461	1670227112	1670242691	283.23	282.01	840	1680000000.0	220.0	-162.0	-0.4106	-2.049	-7.114069352895997	1.363455347280655	0.9043448917399451	0.013400118940472777	36.68	-0.395	36.6	-0.475	36.7	-0.38	36.81	-0.28
50462	1670242876	1670245553	283.23	282.01	0	0.0	0.0	0.0	0.0	0.0	0.0	0.0	0.0	0.0	0.0	0.0	0.0	0.0	0.0	0.0	0.0	0.0
50463	1670245834	1670304907	281.66	280.39	3130	7750000000.0	252.0	-170.0	-0.6123	-2.026	-8.18953334498101	-0.5256493385190836	0.8952690142026841	0.028760939035094926	36.8	-0.287	36.72	-0.358	36.82	-0.267	36.94	-0.15
50464	1670305418	1670322419	281.66	280.39	920	2250000000.0	244.0	-162.0	-0.6351	-1.982	-8.264108712278555	-0.7034856575209884	0.9024964257434007	0.02318115272156397	36.43	-0.634	36.39	-0.672	36.47	-0.599	36.43	-0.638
50465	1670322817	1670324362	280.09	278.92	0	0.0	0.0	0.0	0.0	0.0	0.0	0.0	0.0	0.0	0.0	0.0	0.0	0.0	0.0	0.0	0.0	0.0
50466	1670324604	1670349434	280.09	278.92	1305	3250000000.0	244.0	-162.0	-0.3646	-1.897	-7.026986647173867	-0.14928674213465032	0.8984793856779937	0.0241646500157604	36.7	-0.379	36.6	-0.475	36.72	-0.363	36.78	-0.302
50467	1670350176	1670408952	280.09	278.92	3080	7500000000.0	256.0	-170.0	-0.306	-1.995	-6.7880989068170585	-0.17633293631709768	0.8984932611645173	0.0280418589851828	36.58	-0.493	36.49	-0.578	36.58	-0.49	36.63	-0.442
50468	1670409401	1670468176	278.52	277.45	3050	7500000000.0	260.0	-174.0	-0.2649	-2.104	-6.89447532081554	0.49714301337881395	0.8832286489820999	0.0366542838562789	36.66	-0.419	36.54	-0.528	36.66	-0.419	36.78	-0.301
50469	1670468458	1670486451	278.52	277.3	950	2500000000.0	244.0	-166.0	-0.1547	-2.0380000000000003	-6.584680250974276	-0.07222822319139273	0.8951789438356004	0.02584605236154113	36.67	-0.413	36.56	-0.517	36.66	-0.42	36.78	-0.303
50470	1670486644	1670488133	278.52	277.3	85	0.0	0.0	0.0	0.0	0.0	0.0	0.0	0.0	0.0	0.0	0.0	0.0	0.0	0.0	0.0	0.0	0.0
50471	1670488485	1670547766	276.95	275.41	3015	6900000000.0	256.0	-174.0	-0.9676	-1.932	-10.478031212878447	-0.3363355625967793	0.8908923637346484	0.024480527520356392	36.8	-0.28300000000000003	36.69	-0.393	36.8	-0.28800000000000003	36.93	-0.165
50472	1670548264	1670572287	276.95	275.41	1270	3120000000.0	248.0	-166.0	-1.004	-1.97	-10.322225723007744	-0.21017636232209996	0.8922334297422801	0.021184998505653883	36.98	-0.113	36.87	-0.219	36.99	-0.106	37.1	0.003
50473	1670572994	1670573849	275.38	275.41	50	0.0	0.0	0.0	0.0	0.0	0.0	0.0	0.0	0.0	0.0	0.0	0.0	0.0	0.0	0.0	0.0	0.0
50474	1670574099	1670630550	275.38	273.94	3015	6600000000.0	260.0	-178.0	-0.6633	-2.169	-9.157620638838477	0.41818868815315763	0.8819751637933956	0.023430158860276117	37.43	0.309	37.28	0.168	37.42	0.301	37.54	0.416
50475	1670630847	1670659432	275.38	273.94	1535	3450000000.0	252.0	-170.0	-0.6568	-2.0980000000000003	-8.717880857186126	0.09574687974551556	0.884878421005196	0.023681695820582983	37.56	0.441	37.44	0.319	37.57	0.445	37.65	0.523
50476	1670659679	1670663051	273.81	273.94	160	0.0	0.0	0.0	0.0	0.0	0.0	0.0	0.0	0.0	0.0	0.0	0.0	0.0	0.0	0.0	0.0	0.0
50477	1670663255	1670723719	273.81	272.47	3040	6600000000.0	260.0	-174.0	-0.2706	-2.032	-7.514836227226157	0.6309423702549126	0.8902221847266748	0.019081411478434143	37.46	0.338	37.35	0.239	37.47	0.35200000000000004	37.53	0.407
50478	1670724135	1670754877	273.81	272.47	1615	3840000000.0	260.0	-178.0	-0.2048	-1.975	-7.204851748831008	0.7116061245681466	0.8905918735198712	0.025504623620608614	36.99	-0.108	36.94	-0.153	37.03	-0.066	37.08	-0.016
50479	1670755106	1670757662	272.24	270.99	110	0.0	0.0	0.0	0.0	0.0	0.0	0.0	0.0	0.0	0.0	0.0	0.0	0.0	0.0	0.0	0.0	0.0
50480	1670757897	1670814513	272.24	270.85	3005	6900000000.0	256.0	-174.0	-0.2172	-1.998	-7.688063799043612	1.307404240358607	0.8988278551694003	0.019071005808313148	36.59	-0.483	36.53	-0.544	36.62	-0.457	36.69	-0.389
50481	1670814856	1670828384	272.24	270.85	605	1260000000.0	252.0	-174.0	-0.2276	-1.735	-7.4452536928466655	-0.2898554818350798	0.8990365705897341	0.02114272373929537	36.11	-0.939	36.09	-0.964	36.17	-0.884	36.21	-0.843
50482	1670831235	1670831530	272.24	270.85	20	0.0	0.0	0.0	0.0	0.0	0.0	0.0	0.0	0.0	0.0	0.0	0.0	0.0	0.0	0.0	0.0	0.0
50483	1670831801	1670837085	272.24	270.85	240	440000000.0	236.0	-162.0	-0.2855	-1.801	-8.253419399016991	-0.9363743937119979	0.9117921915095133	0.005514998284767456	35.97	-1.07	35.97	-1.077	36.06	-0.992	36.09	-0.962
50484	1670843814	1670845389	272.24	270.85	80	0.0	0.0	0.0	0.0	0.0	0.0	0.0	0.0	0.0	0.0	0.0	0.0	0.0	0.0	0.0	0.0	0.0
50485	1670845713	1670856514	272.24	270.85	565	1270000000.0	236.0	-158.0	-0.9912	-2.003	-9.9184175895352	-0.7275556183014665	0.9045768506967659	0.02722540725594691	36.02	-1.022	35.92	-1.119	36.02	-1.028	36.12	-0.934
50486	1670856801	1670858698	270.67	269.23	105	0.0	0.0	0.0	0.0	0.0	0.0	0.0	0.0	0.0	0.0	0.0	0.0	0.0	0.0	0.0	0.0	0.0
50487	1670859084	1670915746	270.67	269.37	3015	7500000000.0	260.0	-174.0	-0.5734	-1.929	-9.06622934598444	-0.34559305531801454	0.902914207224264	0.02595517448165736	35.89	-1.15	0.0	0.0	0.0	0.0	36.0	-1.042
50488	1670916101	1670928473	270.67	269.37	665	1680000000.0	244.0	-162.0	-0.5908	-1.915	-8.912610434798003	-0.22392956120489585	0.9008801322882616	0.02945094771671409	36.04	-1.002	0.0	0.0	0.0	0.0	36.17	-0.8809999999999999
50489	1670928708	1670931938	269.1	267.9	175	0.0	0.0	0.0	0.0	0.0	0.0	0.0	0.0	0.0	0.0	0.0	0.0	0.0	0.0	0.0	0.0	0.0
50490	1670932292	1670999308	269.1	267.9	3010	7200000000.0	260.0	-178.0	-0.6811	-2.229	-8.527925254753969	0.6017473071579804	0.8972114634978785	0.023904086794246143	0.0	0.0	0.0	0.0	0.0	0.0	0.0	0.0
50491	1670999612	1671022861	269.1	267.9	1255	2880000000.0	256.0	-174.0	-0.7161	-2.306	-8.738683188512265	0.5566882008772871	0.9003602485778832	0.0214163687277113	0.0	0.0	0.0	0.0	0.0	0.0	0.0	0.0
50492	1671023137	1671024011	267.53	266.43	50	0.0	0.0	0.0	0.0	0.0	0.0	0.0	0.0	0.0	0.0	0.0	0.0	0.0	0.0	0.0	0.0	0.0
50493	1671024310	1671082442	267.53	266.43	3060	6900000000.0	256.0	-174.0	-0.3882	-2.2840000000000003	-7.76312081857708	1.0361564574665207	0.896896425663267	0.02326082471170908	0.0	0.0	0.0	0.0	0.0	0.0	0.0	0.0
50494	1671082689	1671100185	267.53	266.43	805	1840000000.0	240.0	-162.0	-0.3973	-2.334	-7.710759203186097	0.7828657733491389	0.89579388813718	0.0275512385203131	0.0	0.0	0.0	0.0	0.0	0.0	0.0	0.0
50495	1671117464	1671121213	267.53	266.43	205	460000000.0	236.0	-158.0	-0.4032	-2.4290000000000003	-7.940086411239672	1.613497030507234	0.914189039606627	-0.0018871113678315078	0.0	0.0	0.0	0.0	0.0	0.0	0.0	0.0
50496	1671121458	1671122551	265.96	264.96	60	0.0	0.0	0.0	0.0	0.0	0.0	0.0	0.0	0.0	0.0	0.0	0.0	0.0	0.0	0.0	0.0	0.0
50497	1671122841	1671192605	265.96	264.96	3730	8880000000.0	260.0	-174.0	-0.1019	-2.38	-6.7972198100255	1.4914544768319438	0.8854841198606871	0.025690041564942926	0.0	0.0	0.0	0.0	0.0	0.0	0.0	0.0
50498	1671192824	1671196126	265.96	264.96	160	0.0	0.0	0.0	0.0	0.0	0.0	0.0	0.0	0.0	0.0	0.0	0.0	0.0	0.0	0.0	0.0	0.0
50499	1671196351	1671254589	293.6	292.35	3005	7350000000.0	256.0	-174.0	-1.3330000000000002	-2.307	-8.991759232210395	0.07024333106038985	0.8889458895181392	0.029579361293227264	0.0	0.0	0.0	0.0	0.0	0.0	0.0	0.0
50500	1671254945	1671276307	293.6	292.35	1150	2810000000.0	240.0	-162.0	-1.36	-2.343	-9.110208065945024	0.7220419252797616	0.8932611761482842	0.029572606377380014	0.0	0.0	0.0	0.0	0.0	0.0	0.0	0.0
50501	1671276451	1671277450	293.6	292.35	55	0.0	0.0	0.0	0.0	0.0	0.0	0.0	0.0	0.0	0.0	0.0	0.0	0.0	0.0	0.0	0.0	0.0
50502	1671277595	1671331968	295.17	293.97	2855	7140000000.0	256.0	-174.0	-1.471	-2.441	-9.63534117290984	-0.04384687411213712	0.8867079317249125	0.037229849010206637	0.0	0.0	0.0	0.0	0.0	0.0	0.0	0.0
50503	1671332154	1671356212	295.17	293.97	1280	3320000000.0	244.0	-166.0	-1.4509999999999998	-2.431	-9.7020532195275	-0.15350626434000697	0.894717588283494	0.03648593575462572	0.0	0.0	0.0	0.0	0.0	0.0	0.0	0.0
50504	1671356560	1671358777	295.99	294.71	120	0.0	0.0	0.0	0.0	0.0	0.0	0.0	0.0	0.0	0.0	0.0	0.0	0.0	0.0	0.0	0.0	0.0
50505	1671359064	1671425720	295.99	294.85	3590	9000000000.0	256.0	-174.0	-1.236	-2.22	-8.384804385751965	0.05777903673880668	0.8939631719722482	0.032730755271916004	0.0	0.0	0.0	0.0	0.0	0.0	0.0	0.0
50506	1671426052	1671433862	295.99	294.85	415	1000000000.0	240.0	-158.0	-1.2	-2.2880000000000003	-8.551153038449456	0.06437601198610567	0.9097209550021423	0.02368290062952135	0.0	0.0	0.0	0.0	0.0	0.0	0.0	0.0
50507	1671434118	1671436820	295.99	294.85	150	0.0	0.0	0.0	0.0	0.0	0.0	0.0	0.0	0.0	0.0	0.0	0.0	0.0	0.0	0.0	0.0	0.0
50508	1671437079	1671442802	295.99	294.85	300	0.0	0.0	0.0	0.0	0.0	0.0	0.0	0.0	0.0	0.0	0.0	0.0	0.0	0.0	0.0	0.0	0.0
50509	1671443090	1671445839	296.65	295.59	150	0.0	0.0	0.0	0.0	0.0	0.0	0.0	0.0	0.0	0.0	0.0	0.0	0.0	0.0	0.0	0.0	0.0
50510	1671443090	1671445839	297.2	296.14	4125	11000000000.0	260.0	-178.0	0.0	0.0	-8.244738090876794	0.22568370475260585	0.8986300079444502	0.03334121967599925	0.0	0.0	0.0	0.0	0.0	0.0	0.0	0.0
50511	1671443090	1671445839	298.0	296.94	80	0.0	0.0	0.0	0.0	0.0	0.0	0.0	0.0	0.0	0.0	0.0	0.0	0.0	0.0	0.0	0.0	0.0
50512	1671443090	1671445839	298.0	296.94	1805	11000000000.0	244.0	-162.0	0.0	0.0	-7.78298812341258	0.03488646449664665	0.919762340146777	0.06049105080598305	0.0	0.0	0.0	0.0	0.0	0.0	0.0	0.0
50513	1671443090	1671445839	298.8	297.74	45	0.0	0.0	0.0	0.0	0.0	0.0	0.0	0.0	0.0	0.0	0.0	0.0	0.0	0.0	0.0	0.0	0.0
50514	1671443090	1671445839	298.8	297.74	2300	11000000000.0	260.0	-178.0	0.0	0.0	-8.369497837903257	-0.1417858467209708	0.9165559118006881	0.04204760689292853	0.0	0.0	0.0	0.0	0.0	0.0	0.0	0.0
