0.000365975
0.000431413
0.000510253
0.000598787
0.000699074
0.000812922
0.000938524
0.00107432
0.00121844
0.00137878
0.00158027
0.00179945
0.00202559
0.00225533
0.00248672
0.00272079
0.00295408
0.00318388
0.00340609
0.00361098
0.00377063
0.0039063
0.00402551
0.00413231
0.00422754
0.00431147
0.00438467
0.0044489
0.00450379
0.00454304
0.00454796
0.00453225
0.00450708
0.00447604
0.0044397
0.00439867
0.00435502
0.00431108
0.00426684
0.00423062
0.00421385
0.00420253
0.00419196
0.00418231
0.00417019
0.0041542
0.00413606
0.0041164
0.00409608
0.00407252
0.00404978
0.00402672
0.00400315
0.00398062
0.0039588
0.00393619
0.00391261
0.00388703
0.00386354
0.00383979
0.00381892
0.00379846
0.00378056
0.00376172
0.00374317
0.0037256
0.00370763
0.00368908
0.00366889
0.00364952
0.00362994
0.00361131
0.00359243
0.00357342
0.00355562
0.00353808
0.00352182
0.00350573
0.00348962
0.00347384
0.00345651
0.00344014
0.00342266
0.0034043
0.00338573
0.00336682
0.00334725
0.00332795
0.00330994
0.00329293
0.00327547
0.00325866
0.00324299
0.00322735
0.0032107
0.00319458
0.00317687
0.00315912
0.00314079
0.00312134
0.00310354
0.00308751
0.00307245
0.00305855
0.00304533
0.00303344
0.00302227
0.00301185
0.00300124
0.0029903
0.00297935
0.00296874
0.00295689
0.00294337
0.00292991
0.00291719
0.00290606
0.00289442
0.00288332
0.00287417
0.00286415
0.00285192
0.00283848
0.00282436
0.00281059
0.00279592
0.00278194
0.00276812
0.00275446
0.00274107
0.00272826
0.00271524
0.00270291
0.00269199
0.00268148
0.00266957
0.00265666
0.00264511
0.00263422
0.00262339
0.00261104
0.00259998
0.00258965
0.00257774
0.00256544
0.00255149
0.00253717
0.00252343
0.00251012
0.00249617
0.00248181
0.00246648
0.00245177
0.00243797
0.00242398
0.00241045
0.00239845
0.00238417
0.00237022
0.00235459
0.00234046
0.0023276
0.00231434
0.00230263
0.00229023
0.00227974
0.0022693
0.00225866
0.00224649
0.00223405
0.00222302
0.00221267
0.00220306
0.00219291
0.00218342
0.00217539
0.00216797
0.0021623
0.00215405
0.00214693
0.00213935
0.0021297
0.00211996
0.0021111
0.00210211
0.00209412
0.00208628
0.00207651
0.00206669
0.00205786
0.00204891
0.00203964
0.00203064
0.00202374
0.0020167
0.00200915
0.00200001
0.00199071
0.00198424
0.00197737
0.00197068
0.00196454
0.00195775
0.00195156
0.00194506
0.00193867
0.0019311
0.00192447
0.00191805
0.00191122
0.00190367
0.00189784
0.00189023
0.00188017
0.00186985
0.00185884
0.00184861
0.001838
0.00182605
0.00181428
0.00180313
0.00179114
0.00178121
0.00177068
0.0017623
0.00175203
0.00174325
0.00173517
0.00172827
0.00172151
0.00171568
0.00170791
0.00170174
0.00169632
0.00169033
0.00168548
0.00168106
0.00167717
0.00167259
0.00166793
0.00166297
0.00165866
0.00165316
0.00164685
0.00164118
0.00163562
0.00163002
0.00162407
0.0016173
0.00160923
0.00160184
0.00159578
0.00159019
0.00158405
0.0015781
0.00157137
0.00156371
0.00155619
0.00154917
0.00154127
0.00153317
0.00152465
0.00151674
0.00151045
0.00150374
0.00149838
0.00149198
0.00148548
0.00148005
0.00147405
0.00146676
0.00145783
0.00144804
0.00143746
0.00142796
0.00142089
0.00141399
0.0014068
0.00140022
0.0013946
0.00138956
0.00138508
0.0013805
0.00137491
0.00136854
0.00136174
0.00135557
0.00134908
0.00134315
0.00133821
0.00133342
0.00133113
0.00132678
0.00132344
0.00132036
0.00131507
0.00130998
0.00130496
0.00129978
0.00129454
0.00128902
0.00128447
0.00127927
0.00127237
0.00126508
0.00125716
0.0012498
0.00124345
0.00123662
0.00123038
0.00122385
0.00121697
0.00121276
0.00120651
0.00119942
0.00119203
0.00118602
0.0011807
0.00117502
0.00116984
0.00116469
0.00115777
0.00115177
0.00114701
0.0011443
0.00114236
0.00114036
0.00113704
0.00113316
0.00112825
0.00112356
0.00111768
0.00111201
0.00110856
0.00110533
0.00110135
0.0010968
0.00109258
0.00108951
0.00108634
0.0010819
0.0010772
0.00107288
0.00106878
0.00106403
0.00105908
0.00105356
0.00104747
0.00104174
0.00103747
0.0010337
0.00102994
0.00102543
0.00102109
0.00101505
0.00101073
0.00100636
0.00100152
0.000996224
0.000990073
0.000984277
0.000980156
0.000974846
0.00097037
0.000965775
0.000962915
0.000961347
0.000960484
0.000959439
0.000957335
0.000954518
0.000950445
0.000946356
0.000943107
0.000940697
0.000937947
0.000933957
0.000930266
0.000927134
0.000924472
0.000922657
0.000920986
0.000919673
0.000917249
0.000914346
0.000909468
0.000903429
0.000898653
0.000894825
0.000889529
0.000884826
0.000881632
0.00087808
0.000873882
0.000871312
0.00086774
0.000864959
0.000861283
0.000857548
0.000853844
0.000851228
0.000847578
0.000843846
0.00084024
0.000837368
0.000834102
0.000832215
0.000828539
0.000824412
0.000822684
0.000820526
0.000817277
0.000814809
0.000811619
0.000806482
0.00080196
0.000797946
0.000794441
0.000790124
0.000786363
0.000781565
0.000777325
0.00077343
0.000769833
0.000766189
0.000762365
0.000757234
0.000753897
0.000750256
0.000746
0.000742412
0.000739974
0.000736604
0.000733972
0.000733411
0.000732095
0.000730785
0.000729562
0.000727311
0.000724091
0.000721372
0.00071754
0.000714412
0.000712287
0.000708916
0.000706763
0.000704425
0.000701538
0.000698272
0.000695778
0.00069249
0.000688775
0.000685611
0.000681196
0.000675981
0.000671563
0.000667869
0.000663672
0.000661185
0.000659223
0.000657296
0.000656129
0.000653953
0.000652281
0.00065052
0.000648451
0.000647274
0.000645903
0.000643382
0.000640752
0.000638679
0.000636559
0.000636135
0.000635262
0.000634059
0.000632123
0.000629312
0.000627475
0.000625578
0.000623824
0.000621466
0.000620902
0.000619167
0.000615896
0.000613104
0.000610382
0.000606791
0.000604966
0.000604173
0.000602633
0.000601064
0.000600393
0.000596959
0.000594318
0.000591921
0.000589257
0.000587125
0.000584833
0.000583252
0.000580842
0.000578038
0.000573704
0.000571165
0.000568422
0.000565543
0.000563112
0.000561683
0.000559613
0.00055752
0.000555255
0.000551612
0.000549279
0.00054675
0.000545237
0.000543008
0.000542288
0.000540498
0.000537851
0.000534106
0.000531468
0.000529418
0.000526886
0.000523357
0.000521755
0.000520807
0.000517582
0.000514469
0.000511625
0.000508917
0.000506758
0.000506675
0.000503449
0.000503014
0.000500635
0.00049816
0.000495412
0.000493017
0.00049106
0.00048986
0.000489534
0.000488001
0.000485741
0.000485291
0.00048288
0.000479982
0.00047857
0.000477373
0.000474962
0.000472588
0.000470467
0.000467299
0.000464624
0.000460562
0.00045761
0.000454746
0.000453642
0.000451671
0.000448961
0.000445907
0.000442619
0.000440249
0.00043944
0.000437067
0.00043483
0.000433249
0.000431957
0.000428932
0.000425678
0.000423964
0.000421724
0.000420906
0.000419235
0.000418264
0.000416753
0.000415561
0.000413995
0.000412653
0.000411459
0.000408999
0.000405672
0.000403328
0.000398937
0.000393749
0.000388614
0.000381681
0.000375433
0.00037265
0.000367851
0.000361791
0.000357109
0.00035095
0.00034548
0.000339125
0.000335234
0.000327923
0.000321824
0.000316713
0.000312577
0.000305895
0.000300111
0.000292648
0.000288444
0.000282633
0.00027845
0.000271356
0.000267712
0.000260726
0.000256077
0.000252526
0.000246362
0.000240453
0.000236722
0.000231654
0.000226763
0.000224267
0.000219828
0.000215542
0.000211652
0.000207972
0.00020505
0.000204068
0.000200962
0.000199715
0.00019676
0.000193716
0.000190907
0.000187348
0.000182231
0.00017752
0.000176657
0.000173173
0.000172049
0.000169853
0.00016583
0.000161168
0.000155608
0.000151598
0.000149133
0.000146617
0.000143686
0.000139937
0.000138493
0.000135845
0.000133596
0.000131194
0.000129716
0.000128766
0.000127843
0.000126999
0.000125658
0.000125268
0.000124097
0.00012237
0.00012094
0.000117257
0.000114975
0.000110561
0.000107791
0.000105207
0.000100981
9.85713e-05
9.70648e-05
9.34783e-05
9.143e-05
9.03993e-05
9.02162e-05
8.85642e-05
8.78402e-05
8.65235e-05
8.40549e-05
8.10684e-05
7.84475e-05
7.52379e-05
7.35504e-05
7.13656e-05
7.11161e-05
6.81402e-05
6.62211e-05
6.34689e-05
6.25039e-05
6.10733e-05
6.04303e-05
5.91517e-05
5.6706e-05
5.51949e-05
5.31368e-05
5.14506e-05
5.0365e-05
4.95153e-05
4.81641e-05
4.62527e-05
4.39302e-05
4.23245e-05
4.03355e-05
3.77734e-05
3.54878e-05
3.44899e-05
3.27105e-05
3.12824e-05
3.03982e-05
2.72338e-05
2.60648e-05
2.65362e-05
2.63502e-05
2.6265e-05
2.54835e-05
2.44695e-05
2.31079e-05
2.23906e-05
2.0847e-05
1.76431e-05
1.71717e-05
1.53894e-05
1.2941e-05
1.06142e-05
9.87612e-06
9.29412e-06
8.46819e-06
7.90211e-06
7.21383e-06
7.14191e-06
6.40429e-06
5.60029e-06
5.35518e-06
4.65695e-06
4.06986e-06
3.1143e-06
2.82935e-06
2.67476e-06
2.21031e-06
2.28316e-06
2.18925e-06
2.16993e-06
1.84537e-06
1.99449e-06
1.61948e-06
1.67166e-06
1.62361e-06
1.72069e-06
1.67104e-06
1.00151e-06
9.23651e-07
9.73182e-07
9.89004e-07
1.0563e-06
1.02053e-06
4.87033e-07
4.87033e-07
0
0
0
0
0
0
0
0
0
0
0
0
0
0
0
0
0
0
0
0
0
0
0
0
0
0
0
0
0
0
0
0
0
0
0
0
0
0
0
0
0
0
0
0
0
0
0
0
0
0
0
0
